1.0 5.159030589174235 1
2.0 5.159030589174235 0
2.0 4.967921512645142 1
3.0 4.967921512645142 0
3.0 4.993690986711864 0
4.0 4.419018990463873 1
5.0 4.419018990463873 0
5.0 4.857160064140158 0
6.0 4.039378145827246 1
7.0 4.039378145827246 0
7.0 4.645660473261156 0
8.0 4.034852370577716 1
9.0 4.034852370577716 0
9.0 5.115998713186875 0
10.0 3.8898506349489907 1
11.0 3.8898506349489907 0
11.0 4.45525053677182 0
12.0 3.8179763034837366 1
13.0 3.8179763034837366 0
13.0 3.877230989449199 0
14.0 3.816630056402929 1
15.0 3.816630056402929 0
15.0 4.006438706455473 0
16.0 3.6729523872688565 1
17.0 3.6729523872688565 0
17.0 3.784970486666043 0
18.0 3.585421057864867 1
19.0 3.585421057864867 0
19.0 3.471535520224387 1
20.0 3.471535520224387 0
20.0 3.48005932369848 0
21.0 3.8336115769028964 0
22.0 3.70542601315415 0
23.0 3.5230937129681377 0
24.0 3.9812957033626426 0
25.0 3.9836046347560914 0
26.0 3.3618877401620897 1
27.0 3.3618877401620897 0
27.0 3.4552601146331026 0
28.0 3.453755290348652 0
29.0 4.0219750240162355 0
30.0 2.846270344850484 1
31.0 2.846270344850484 0
31.0 3.042655751841057 0
32.0 3.031482992396823 0
33.0 2.539737027097563 1
34.0 2.539737027097563 0
34.0 2.801361211196356 0
35.0 2.448679422693212 1
36.0 2.448679422693212 0
36.0 2.855183839818247 0
37.0 2.604094004018917 0
38.0 2.484980315701426 0
39.0 2.786992485427547 0
40.0 2.9738895766779794 0
41.0 3.024926050719549 0
42.0 3.1374709343344946 0
43.0 2.694433666036772 0
44.0 2.3937551227132823 1
45.0 2.3937551227132823 0
45.0 2.3017406012909336 1
46.0 2.3017406012909336 0
46.0 2.5275157802381276 0
47.0 2.210523303908123 1
48.0 2.210523303908123 0
48.0 1.8430874951575038 1
49.0 1.8430874951575038 0
49.0 2.1341126959389842 0
50.0 2.0690018184665804 0
51.0 2.4646434604582397 0
52.0 2.7325162789891557 0
53.0 2.656948438847284 0
54.0 1.9737357764407608 0
55.0 1.9387134381889184 0
56.0 1.812199223247614 1
57.0 1.812199223247614 0
57.0 2.1459250949013366 0
58.0 2.0543451323183723 0
59.0 1.7282361146786334 1
60.0 1.7282361146786334 0
60.0 1.8365258635767105 0
61.0 2.237521122580712 0
62.0 2.4435883274910575 0
63.0 2.3176264813082836 0
64.0 2.612018009512304 0
65.0 2.341770988746343 0
66.0 2.2674855457028413 0
67.0 2.074752091063835 0
68.0 1.9590551776177214 0
69.0 2.1806366779536663 0
70.0 2.1244314739639796 0
71.0 1.7621366855244152 0
72.0 1.9501676838336302 0
73.0 2.0703047020679777 0
74.0 2.21130586489671 0
75.0 1.8855491011114178 0
76.0 1.5902457989171344 1
77.0 1.5902457989171344 0
77.0 1.7219172896718067 0
78.0 1.8246673109415679 0
79.0 1.5791415780352946 1
80.0 1.5791415780352946 0
80.0 1.5176533255835372 1
81.0 1.5176533255835372 0
81.0 1.3980523163265033 1
82.0 1.3980523163265033 0
82.0 1.5086714552314195 0
83.0 1.193618653022955 1
84.0 1.193618653022955 0
84.0 1.2136990834156238 0
85.0 1.3884915268425504 0
86.0 1.275429666899302 0
87.0 1.2184004728483793 0
88.0 1.3716254165233606 0
89.0 1.1010115220573249 1
90.0 1.1010115220573249 0
90.0 1.1911223399075805 0
91.0 1.1075756560481942 0
92.0 1.0872576515568222 1
93.0 1.0872576515568222 0
93.0 1.184605658774173 0
94.0 1.1297830410307421 0
95.0 1.240902190095718 0
96.0 1.3593096575238788 0
97.0 1.2765651376689404 0
98.0 1.3401428961045663 0
99.0 1.1301667858851951 0
100.0 1.1422882544726365 0
101.0 1.0594151039896011 1
102.0 1.0594151039896011 0
102.0 1.0938061874846379 0
103.0 1.1475026411851748 0
104.0 1.1944194335120075 0
105.0 1.2619981146444759 0
106.0 1.306371568891782 0
107.0 1.2513420346692892 0
108.0 1.1481303199224453 0
109.0 1.1653261790446516 0
110.0 1.3143027155520102 0
111.0 1.1112397628954562 0
112.0 1.3276460817942413 0
113.0 1.1755975693209897 0
114.0 1.1774041388429175 0
115.0 1.1464554547509427 0
116.0 1.1810363525120604 0
117.0 1.1226858883050386 0
118.0 1.1743061788052918 0
119.0 1.2107362648669913 0
120.0 1.1348340887848187 0
121.0 0.9909895528887445 1
122.0 0.9909895528887445 0
122.0 0.9972933061431664 0
123.0 1.0414687729462055 0
124.0 1.1634996266404682 0
125.0 1.195845664497627 0
126.0 1.1196349992731127 0
127.0 1.1543508794104438 0
128.0 1.2720036666065793 0
129.0 1.1946224120679523 0
130.0 1.097453635044268 0
131.0 1.1842379591624828 0
132.0 1.286791641974963 0
133.0 1.0523779424541733 0
134.0 0.9335139698734802 1
135.0 0.9335139698734802 0
135.0 0.9164685524986557 1
136.0 0.9164685524986557 0
136.0 0.9359939402250468 0
137.0 0.959783866299742 0
138.0 0.9430166850837994 0
139.0 0.97700919730631 0
140.0 1.0303124520359779 0
141.0 1.0579172988193388 0
142.0 1.0940682002851985 0
143.0 1.1254713662542501 0
144.0 0.9665888524151023 0
145.0 0.9418685428673856 0
146.0 0.989248801507212 0
147.0 0.8915358900713152 1
148.0 0.8915358900713152 0
148.0 0.9367079404340742 0
149.0 0.9649204997116974 0
150.0 0.9634247291618346 0
151.0 0.9153330666024335 0
152.0 0.9181869593596568 0
153.0 0.9264389404419883 0
154.0 1.0080480268710503 0
155.0 0.9325889035846165 0
156.0 1.0834019231000422 0
157.0 1.0542102742542625 0
158.0 1.1737749545562965 0
159.0 1.197680862596731 0
160.0 1.1672351495995374 0
161.0 1.031054289512636 0
162.0 0.9431936255850114 0
163.0 0.9563088933058044 0
164.0 1.0554734237170142 0
165.0 0.9258688470114517 0
166.0 1.002732913449566 0
167.0 1.1642273634915683 0
168.0 1.2131243517955714 0
169.0 1.1022023270140338 0
170.0 0.9059140911337574 0
171.0 0.8768961907013225 1
172.0 0.8768961907013225 0
172.0 0.9262948198113854 0
173.0 0.9028205037195188 0
174.0 0.9430701099175223 0
175.0 0.8891635304435632 0
176.0 0.8877569194912049 0
177.0 0.9173616247339828 0
178.0 0.9440103185810328 0
179.0 0.8427971724685015 1
180.0 0.8427971724685015 0
180.0 0.9755881451911225 0
181.0 1.0173339924703628 0
182.0 0.9601426787583744 0
183.0 0.8702147024797161 0
184.0 0.9515556076754136 0
185.0 0.9996390886424646 0
186.0 1.0524910456414636 0
187.0 0.932383707943826 0
188.0 0.9497786882479403 0
189.0 1.0027997920581995 0
190.0 0.9399903344946653 0
191.0 0.9180961941695597 0
192.0 0.8801348048286819 0
193.0 0.9051361333544484 0
194.0 0.9967562625073507 0
195.0 0.9554903433322371 0
196.0 0.9105818767605696 0
197.0 0.9968098726417542 0
198.0 0.8960730668907104 0
199.0 0.9569553956615717 0
200.0 0.9266945831534511 0
201.0 0.8951887747878452 0
202.0 0.971581100386652 0
203.0 0.9857338678539919 0
204.0 0.9757023011888163 0
205.0 0.9495678717567754 0
206.0 0.9641206050733548 0
207.0 0.9463126524193368 0
208.0 0.894269541027023 0
209.0 0.9519478333449991 0
210.0 0.9735643122269602 0
211.0 0.9683948411706585 0
212.0 0.9388496136650987 0
213.0 0.9667571917502777 0
214.0 0.9612647911451334 0
215.0 0.9858957261087385 0
216.0 0.9208224460501345 0
217.0 0.9405901147961706 0
218.0 0.9057401386060404 0
219.0 0.8920970913381113 0
220.0 0.976250614225945 0
221.0 0.9725727229933211 0
222.0 0.9639056515553844 0
223.0 0.9319623507380707 0
224.0 0.9621964464804373 0
225.0 0.8910070445725522 0
226.0 0.9547718951505196 0
227.0 0.9019067635566655 0
228.0 0.9093637545126299 0
229.0 0.8961557347246345 0
230.0 0.9163009668456421 0
231.0 0.8806530958464159 0
232.0 0.9218184984775939 0
233.0 0.8208711340491384 1
234.0 0.8208711340491384 0
234.0 0.9527478712132049 0
235.0 0.9241412831769124 0
236.0 0.9747573085533154 0
237.0 0.9318582631852808 0
238.0 1.0280590234910416 0
239.0 0.935110634375607 0
240.0 0.9832903906754272 0
241.0 1.029228948275311 0
242.0 1.0438026775772582 0
243.0 0.913641548383025 0
244.0 0.9764906039459347 0
245.0 0.9607742382213514 0
246.0 1.0092522443827256 0
247.0 1.0524590290871272 0
248.0 0.9884370857253214 0
249.0 0.9338546275923516 0
250.0 1.0050433171325646 0
251.0 0.9016559985074875 0
252.0 0.9197907092493337 0
253.0 0.9918445163371136 0
254.0 0.9502398396259897 0
255.0 1.0244931317721582 0
256.0 1.0556899793295542 0
257.0 0.9834330040362509 0
258.0 1.0578364947699266 0
259.0 0.9960423795293696 0
260.0 0.9781200130639035 0
261.0 1.0309677530542738 0
262.0 0.9895179651178125 0
263.0 0.9575155784364066 0
264.0 0.9400634911093075 0
265.0 0.984456113861278 0
266.0 0.9748066100687022 0
267.0 0.9751466496774406 0
268.0 0.9949264407751732 0
269.0 0.9662552275188956 0
270.0 1.0151526270769617 0
271.0 1.0108277239116956 0
272.0 0.9578996566430027 0
273.0 0.9861320019681747 0
274.0 1.006542687620877 0
275.0 0.9041457989656831 0
276.0 0.9283814436133234 0
277.0 0.8876148771590143 0
278.0 0.9311043519510852 0
279.0 0.9451823595747212 0
280.0 0.9393632852124675 0
281.0 1.0065380849788395 0
282.0 0.9690421003284435 0
283.0 1.0213750885441044 0
284.0 0.9476649748098965 0
285.0 0.9792552947512108 0
286.0 0.9877834674452072 0
287.0 0.9232278607669114 0
288.0 0.9238780421920828 0
289.0 0.8868961807121981 0
290.0 0.8503758767592016 0
291.0 0.9316729944583734 0
292.0 0.8560246384285592 0
293.0 0.9215855443219603 0
294.0 0.9198419468732195 0
295.0 0.8949882768975027 0
296.0 0.9534406404075279 0
297.0 0.937772651018498 0
298.0 0.8889035661609426 0
299.0 0.9255090344963859 0
300.0 0.8803864671680487 0
301.0 0.8783699506500424 0
302.0 0.8595213551339319 0
303.0 0.9027356488648419 0
304.0 0.8394580348956998 0
305.0 0.9944923012258513 0
306.0 0.9697191023255676 0
307.0 0.8951170837503295 0
308.0 0.9554656729099814 0
309.0 0.9541437813348103 0
310.0 0.9218760471968963 0
311.0 0.9345629221475756 0
312.0 0.9582588278853501 0
313.0 0.8401395944387261 0
314.0 0.8250092081801221 0
315.0 0.8051797942215865 1
316.0 0.8051797942215865 0
316.0 0.7985535540600525 1
317.0 0.7985535540600525 0
317.0 0.9066464464152693 0
318.0 0.8714950083275324 0
319.0 0.8392203796806775 0
320.0 0.924990896257174 0
321.0 0.9091027778832234 0
322.0 0.9411636564265873 0
323.0 0.9309762267400514 0
324.0 0.9065227390182985 0
325.0 0.8583207441785896 0
326.0 0.869286979584136 0
327.0 0.8401552739017258 0
328.0 0.8139847437370552 0
329.0 0.9077469187077111 0
330.0 0.8951120566184657 0
331.0 0.9058932096377398 0
332.0 0.9485387303000128 0
333.0 0.8736758414541795 0
334.0 0.9034233488564841 0
335.0 0.9058416926447119 0
336.0 0.9292623802611898 0
337.0 0.8048926924650339 0
338.0 0.8835645931022299 0
339.0 0.9041923488604858 0
340.0 0.9190862922999575 0
341.0 0.8449521025451937 0
342.0 0.7937551589640376 1
343.0 0.7937551589640376 0
343.0 0.8863066326008956 0
344.0 0.8571102307926276 0
345.0 0.87999349150341 0
346.0 0.940469983607818 0
347.0 0.915133798503557 0
348.0 0.8884636395578824 0
349.0 0.8804132135251898 0
350.0 0.8958825865821279 0
351.0 0.9466283667756112 0
352.0 0.9583602528753347 0
353.0 0.8394662651767508 0
354.0 0.9228779940768621 0
355.0 0.9329498763088493 0
356.0 0.9671752828424348 0
357.0 0.9314671472398814 0
358.0 0.9068288848633459 0
359.0 0.8547556053855374 0
360.0 0.8985803689037636 0
361.0 0.9253944597758774 0
362.0 0.9196644695672792 0
363.0 0.807493668321641 0
364.0 0.8076444983495847 0
365.0 0.9114243643678295 0
366.0 0.887731108240722 0
367.0 0.8638825458451705 0
368.0 0.8403559269341188 0
369.0 0.8736609782595923 0
370.0 0.9438828953381445 0
371.0 0.8814329665716415 0
372.0 0.8421861659709968 0
373.0 0.8464472132922726 0
374.0 0.8676534951747458 0
375.0 0.8978015730170346 0
376.0 0.821651842314538 0
377.0 0.8711055386274263 0
378.0 0.8703236616441556 0
379.0 0.9121885007016385 0
380.0 0.8912883642860459 0
381.0 0.8745440180701971 0
382.0 0.824856744953569 0
383.0 0.8633314594429897 0
384.0 0.9302954629500056 0
385.0 0.9009534902496763 0
386.0 0.8521476297011342 0
387.0 0.899781858430146 0
388.0 0.8719415930866263 0
389.0 0.8718882319736498 0
390.0 0.8292811735877466 0
391.0 0.7843108659388381 1
392.0 0.7843108659388381 0
392.0 0.8655630708180071 0
393.0 0.8458012606933755 0
394.0 0.8665728477862719 0
395.0 0.8701817120568474 0
396.0 0.8886939713307027 0
397.0 0.9511605387748566 0
398.0 0.8825110118091123 0
399.0 0.800553675816613 0
400.0 0.8728644021106547 0
401.0 0.8518887932946038 0
402.0 0.8061818793207346 0
403.0 0.7972471391570849 0
404.0 0.7756280576514153 1
405.0 0.7756280576514153 0
405.0 0.8566516763658195 0
406.0 0.8602069166989816 0
407.0 0.7955365609662686 0
408.0 0.7991643401821059 0
409.0 0.8682885339416481 0
410.0 0.7605136930002837 1
411.0 0.7605136930002837 0
411.0 0.7383177808716352 1
412.0 0.7383177808716352 0
412.0 0.7989297225746897 0
413.0 0.7806324517990353 0
414.0 0.7871411083729677 0
415.0 0.7734362039558008 0
416.0 0.719500501927082 1
417.0 0.719500501927082 0
417.0 0.8264824811473085 0
418.0 0.7791397754869355 0
419.0 0.7531350550195102 0
420.0 0.7813789692524026 0
421.0 0.8021214052391084 0
422.0 0.7917519117711316 0
423.0 0.7869922551062262 0
424.0 0.8097867043200702 0
425.0 0.7756540740562254 0
426.0 0.7907763472648239 0
427.0 0.8280080976809189 0
428.0 0.8415873538655545 0
429.0 0.8917706211281293 0
430.0 0.8714450302755773 0
431.0 0.7819597120832975 0
432.0 0.7961489597714998 0
433.0 0.8192743911723882 0
434.0 0.7881292913830013 0
435.0 0.8037845709415402 0
436.0 0.8428837015526549 0
437.0 0.7655394209288509 0
438.0 0.8012869087237532 0
439.0 0.8029922004562909 0
440.0 0.7638471706772076 0
441.0 0.8153217109408115 0
442.0 0.7331939116513418 0
443.0 0.7855513589897557 0
444.0 0.7837396923755015 0
445.0 0.7560738977398197 0
446.0 0.7457502417044323 0
447.0 0.7435148389451074 0
448.0 0.7320003484561657 0
449.0 0.7553594964871762 0
450.0 0.6920147379651056 1
451.0 0.6920147379651056 0
451.0 0.7273911398729007 0
452.0 0.7236052658024399 0
453.0 0.707360719865266 0
454.0 0.741304578841153 0
455.0 0.7409954468188953 0
456.0 0.7071164482814094 0
457.0 0.7053438510868818 0
458.0 0.7160830352034647 0
459.0 0.7239283865135163 0
460.0 0.7184572991738872 0
461.0 0.7575148319563797 0
462.0 0.7196645606274255 0
463.0 0.8081194514140282 0
464.0 0.7760851656929525 0
465.0 0.7535527202037218 0
466.0 0.7214727314875926 0
467.0 0.6967138228624409 0
468.0 0.726760188215067 0
469.0 0.7334710117090533 0
470.0 0.7585605663328692 0
471.0 0.768878959639811 0
472.0 0.808110822074725 0
473.0 0.7597468927800909 0
474.0 0.7078561687923186 0
475.0 0.7067043811631529 0
476.0 0.7166456448499839 0
477.0 0.7271645208261392 0
478.0 0.7675497069950544 0
479.0 0.703728885400732 0
480.0 0.6997423928054046 0
481.0 0.7537721613071319 0
482.0 0.7711833743291386 0
483.0 0.7198695661459339 0
484.0 0.7600072208571101 0
485.0 0.7303822763364429 0
486.0 0.7491466854039086 0
487.0 0.7508069155086511 0
488.0 0.7540208367129583 0
489.0 0.7553718286257152 0
490.0 0.7600075636633714 0
491.0 0.7780980535319949 0
492.0 0.787932678189097 0
493.0 0.7736424590248759 0
494.0 0.766435170286322 0
495.0 0.7446288023562194 0
496.0 0.7234400460420585 0
497.0 0.7253126425458126 0
498.0 0.6816775632050256 1
499.0 0.6816775632050256 0
499.0 0.6983987534535286 0
500.0 0.7109960688975789 0
501.0 0.7341677488905793 0
502.0 0.7444913861122754 0
503.0 0.7162286758669059 0
504.0 0.686577530302535 0
505.0 0.7507224168850822 0
506.0 0.7047810858256062 0
507.0 0.7160301411238392 0
508.0 0.683538073377267 0
509.0 0.6916866367309576 0
510.0 0.7297980322680739 0
511.0 0.6985264143729043 0
512.0 0.7103622608675523 0
513.0 0.7575332628508806 0
514.0 0.6843949728395958 0
515.0 0.6848152220229069 0
516.0 0.6687168590372923 1
517.0 0.6687168590372923 0
517.0 0.7070199772484309 0
518.0 0.676514693201891 0
519.0 0.6883428434785261 0
520.0 0.7157752687337826 0
521.0 0.7052357210484523 0
522.0 0.7155968133049552 0
523.0 0.6790537765508641 0
524.0 0.6850213474760465 0
525.0 0.7183801984909579 0
526.0 0.7049349295422408 0
527.0 0.7263863923054885 0
528.0 0.7461022960770225 0
529.0 0.7405633615545326 0
530.0 0.7476847187090918 0
531.0 0.7097952092044333 0
532.0 0.704385104602814 0
533.0 0.7208430619970286 0
534.0 0.7165346228918835 0
535.0 0.6974739781623673 0
536.0 0.7139306705958046 0
537.0 0.7079424076350969 0
538.0 0.7015372654108752 0
539.0 0.702141611766987 0
540.0 0.7388734672687007 0
541.0 0.69611544205379 0
542.0 0.7201530480158526 0
543.0 0.6955585563075155 0
544.0 0.7315900845215338 0
545.0 0.7130693005654445 0
546.0 0.6915997121811154 0
547.0 0.673281327810885 0
548.0 0.690323340002057 0
549.0 0.7194272428298186 0
550.0 0.7278284504274078 0
551.0 0.6839593400125876 0
552.0 0.7033554343773206 0
553.0 0.7122411685612627 0
554.0 0.6925508764638145 0
555.0 0.698885163678037 0
556.0 0.7210203662926397 0
557.0 0.6905096613502859 0
558.0 0.6808438951538923 0
559.0 0.6787474589245225 0
560.0 0.692980650102172 0
561.0 0.686964215292652 0
562.0 0.6794092002760047 0
563.0 0.6570039955652155 1
564.0 0.6570039955652155 0
564.0 0.6797283363606337 0
565.0 0.6290974878750976 1
566.0 0.6290974878750976 0
566.0 0.644506049975321 0
567.0 0.6796122919977268 0
568.0 0.6684921119055822 0
569.0 0.6812159888498104 0
570.0 0.6860493194586079 0
571.0 0.6769893730423694 0
572.0 0.6708280873662941 0
573.0 0.655324894760477 0
574.0 0.666137513442724 0
575.0 0.6486833708852564 0
576.0 0.6562255676326975 0
577.0 0.6677542173627183 0
578.0 0.6578998063744442 0
579.0 0.6745276546188801 0
580.0 0.6467231414347175 0
581.0 0.650841680524946 0
582.0 0.6430528067828075 0
583.0 0.6483949206880791 0
584.0 0.6682895134996565 0
585.0 0.6674099654724102 0
586.0 0.6755796201089622 0
587.0 0.6468902294230454 0
588.0 0.6612114587509097 0
589.0 0.6756241659201659 0
590.0 0.6855356304211255 0
591.0 0.7002330782759012 0
592.0 0.6728568890358839 0
593.0 0.6758777377074272 0
594.0 0.6475126291707898 0
595.0 0.6550902014255906 0
596.0 0.6592956614730958 0
597.0 0.6471009616780348 0
598.0 0.6611762690169389 0
599.0 0.6761245505577782 0
600.0 0.6440176594915898 0
601.0 0.6501114078907407 0
602.0 0.6765057775919451 0
603.0 0.6675458078895952 0
604.0 0.6494581652226722 0
605.0 0.6460358058047254 0
606.0 0.6785666159531373 0
607.0 0.6685266855147891 0
608.0 0.6647890975876114 0
609.0 0.6698789402138764 0
610.0 0.6514757860760181 0
611.0 0.6653482613032371 0
612.0 0.6677772430523425 0
613.0 0.6742885766538805 0
614.0 0.6644248567644155 0
615.0 0.674751387891147 0
616.0 0.6671581330534891 0
617.0 0.6689075684191188 0
618.0 0.6683272780622361 0
619.0 0.6822499572002534 0
620.0 0.6548556407319547 0
621.0 0.6747953250463355 0
622.0 0.6802954416285959 0
623.0 0.667812104444851 0
624.0 0.6580088040171399 0
625.0 0.6731227473928438 0
626.0 0.6367967647668494 0
627.0 0.6408834806394212 0
628.0 0.6432934520512302 0
629.0 0.6430812113919673 0
630.0 0.6457334452933532 0
631.0 0.644526936482023 0
632.0 0.6365518249660443 0
633.0 0.644057676970111 0
634.0 0.649049441363606 0
635.0 0.6558462179969721 0
636.0 0.6446878446926112 0
637.0 0.6627345300472995 0
638.0 0.6702227672361948 0
639.0 0.6562709352902453 0
640.0 0.6425717888081421 0
641.0 0.6365674125350327 0
642.0 0.6430781883437021 0
643.0 0.634453628380198 0
644.0 0.6492408585751269 0
645.0 0.6416147494538766 0
646.0 0.6376064783559658 0
647.0 0.6563782345009245 0
648.0 0.6397806522866295 0
649.0 0.6435688216274744 0
650.0 0.6421746602337822 0
651.0 0.6478285710876478 0
652.0 0.6558147961065595 0
653.0 0.6625237670664336 0
654.0 0.6456162061192141 0
655.0 0.640368552829065 0
656.0 0.6535127869226135 0
657.0 0.6401648060316161 0
658.0 0.6360946816606544 0
659.0 0.6436303681144466 0
660.0 0.6370848216727868 0
661.0 0.6373923945221649 0
662.0 0.6414128445073888 0
663.0 0.6381429210881416 0
664.0 0.6421213950800867 0
665.0 0.6518085271068823 0
666.0 0.6369139814401947 0
667.0 0.6510623330788375 0
668.0 0.6483131330323962 0
669.0 0.6411362002326303 0
670.0 0.6396653818376925 0
671.0 0.643432976090433 0
672.0 0.6391707959769286 0
673.0 0.6482755731514391 0
674.0 0.6446388170629795 0
675.0 0.6381197076397691 0
676.0 0.6299206841687255 0
677.0 0.6386122935767465 0
678.0 0.6326681880521402 0
679.0 0.6326681880521403 0
680.0 0.635184897194654 0
681.0 0.6470612070239534 0
682.0 0.6393193245893128 0
683.0 0.6379242404738579 0
684.0 0.6351117705495618 0
685.0 0.6334952300912402 0
686.0 0.6395652096126779 0
687.0 0.642197207072409 0
688.0 0.639416036985884 0
689.0 0.6428777702461064 0
690.0 0.6378010945568608 0
691.0 0.6349115814306636 0
692.0 0.6483773878401022 0
693.0 0.635114067994394 0
694.0 0.6418959681974094 0
695.0 0.6465033764332853 0
696.0 0.6385160426356002 0
697.0 0.6369184837740612 0
698.0 0.6427414961539687 0
699.0 0.6399817608183539 0
700.0 0.6443763722092972 0
701.0 0.6400596679374141 0
702.0 0.6347819722069776 0
703.0 0.6383177392347626 0
704.0 0.6323642666661493 0
705.0 0.6371312965019091 0
706.0 0.6377700385407541 0
707.0 0.6440868254291544 0
708.0 0.6304663769974911 0
709.0 0.6422393927579917 0
710.0 0.6431227018218321 0
711.0 0.6400696685963038 0
712.0 0.6416098069363583 0
713.0 0.6413957231025579 0
714.0 0.6303333399002735 0
715.0 0.6379657346853669 0
716.0 0.6290974878751063 0
717.0 0.6345412662431287 0
718.0 0.6376971607280065 0
719.0 0.6378667254112113 0
720.0 0.6333118190036712 0
721.0 0.6302046643651235 0
722.0 0.6304187481989242 0
723.0 0.638095075412148 0
724.0 0.6373923945221704 0
725.0 0.632498623368939 0
726.0 0.6321371869202967 0
727.0 0.6364112695772912 0
728.0 0.6374951131189032 0
729.0 0.6381831077008115 0
730.0 0.6407935300160033 0
731.0 0.6344633591240703 0
732.0 0.6405482890070487 0
733.0 0.6348846908037118 0
734.0 0.6337171650960254 0
735.0 0.6330291705141168 0
736.0 0.6311649422269703 0
737.0 0.6374951131189034 0
738.0 0.6376064783559715 0
739.0 0.6358113072840454 0
740.0 0.6335030812622244 0
741.0 0.636828540430307 0
742.0 0.6407935300160031 0
743.0 0.6407935300160029 0
744.0 0.6330291705141164 0
745.0 0.6337753645421618 0
746.0 0.6314835553098791 0
747.0 0.6314835553098791 0
748.0 0.6304187481989246 0
749.0 0.6337753645421614 0
750.0 0.6397309536983583 0
751.0 0.6378667254112119 0
752.0 0.6334764591321752 0
753.0 0.6305740458641232 0
754.0 0.634884690803711 0
755.0 0.6319219940240988 0
756.0 0.6344633591240693 0
757.0 0.6309953775437643 0
758.0 0.6330291705141158 0
759.0 0.6330291705141158 0
760.0 0.6363275874112158 0
761.0 0.6405482890070479 0
762.0 0.6298860512822146 0
763.0 0.6336057998589562 0
764.0 0.6369064475493663 0
765.0 0.6290974878751066 0
766.0 0.6319219940240987 0
767.0 0.6298860512822145 0
768.0 0.6371471535132156 0
769.0 0.6275942420499321 1
770.0 0.6275942420499321 0
770.0 0.6298860512822146 0
771.0 0.6331844681793146 0
772.0 0.6334764591321748 0
773.0 0.6319219940240984 0
774.0 0.6319219940240983 0
775.0 0.6331844681793144 0
776.0 0.6335030812622237 0
777.0 0.6331844681793145 0
778.0 0.6363275874112158 0
779.0 0.6290974878751066 0
780.0 0.6330291705141158 0
781.0 0.627275628967023 1
782.0 0.627275628967023 0
782.0 0.6337171650960243 0
783.0 0.6298860512822145 0
784.0 0.633717165096024 0
785.0 0.633717165096024 0
786.0 0.6337171650960242 0
787.0 0.6303333399002737 0
788.0 0.6331844681793147 0
789.0 0.6303333399002737 0
790.0 0.6303333399002737 0
791.0 0.6290974878751066 0
792.0 0.6290974878751066 0
793.0 0.6302046643651237 0
794.0 0.6298860512822145 0
795.0 0.6275942420499321 0
796.0 0.6304187481989242 0
797.0 0.6298860512822146 0
798.0 0.6298860512822146 0
799.0 0.6275942420499321 0
800.0 0.6272756289670229 1
801.0 0.6272756289670229 0
801.0 0.6272756289670229 0
802.0 0.6298860512822146 0
803.0 0.6302046643651237 0
804.0 0.6275942420499321 0
805.0 0.6302046643651237 0
806.0 0.6298860512822145 0
807.0 0.6298860512822146 0
808.0 0.6275942420499322 0
809.0 0.6298860512822146 0
810.0 0.6275942420499321 0
811.0 0.6302046643651237 0
812.0 0.6302046643651237 0
813.0 0.6298860512822144 0
814.0 0.6302046643651237 0
815.0 0.6298860512822144 0
816.0 0.6302046643651239 0
817.0 0.6302046643651237 0
818.0 0.6272756289670229 0
819.0 0.6302046643651237 0
820.0 0.6302046643651237 0
821.0 0.6302046643651237 0
822.0 0.6298860512822145 0
823.0 0.6298860512822146 0
824.0 0.6302046643651239 0
825.0 0.6275942420499321 0
826.0 0.627275628967023 0
827.0 0.6272756289670229 0
828.0 0.6272756289670229 0
829.0 0.627275628967023 0
830.0 0.6302046643651237 0
831.0 0.6275942420499321 0
832.0 0.6302046643651238 0
833.0 0.6275942420499321 0
834.0 0.6302046643651237 0
835.0 0.6275942420499322 0
836.0 0.6302046643651237 0
837.0 0.627275628967023 0
838.0 0.6275942420499322 0
839.0 0.627275628967023 0
840.0 0.627275628967023 0
841.0 0.6275942420499321 0
842.0 0.6275942420499321 0
843.0 0.6275942420499322 0
844.0 0.6275942420499322 0
845.0 0.627275628967023 0
846.0 0.6272756289670229 0
847.0 0.627275628967023 0
848.0 0.6275942420499321 0
849.0 0.6275942420499322 0
850.0 0.627275628967023 0
851.0 0.6275942420499321 0
852.0 0.6272756289670229 0
853.0 0.6275942420499322 0
854.0 0.627275628967023 0
855.0 0.6272756289670229 0
856.0 0.6275942420499322 0
857.0 0.6272756289670229 0
858.0 0.627275628967023 0
859.0 0.6275942420499321 0
860.0 0.6272756289670229 0
861.0 0.6275942420499322 0
862.0 0.627275628967023 0
863.0 0.6275942420499322 0
864.0 0.6275942420499321 0
865.0 0.6275942420499321 0
866.0 0.627275628967023 0
867.0 0.6275942420499322 0
868.0 0.6272756289670229 0
869.0 0.627275628967023 0
870.0 0.6275942420499321 0
871.0 0.627275628967023 0
872.0 0.6275942420499321 0
873.0 0.6275942420499322 0
874.0 0.6275942420499322 0
875.0 0.627275628967023 0
876.0 0.6275942420499322 0
877.0 0.627275628967023 0
878.0 0.6275942420499321 0
879.0 0.6275942420499321 0
880.0 0.6272756289670229 0
881.0 0.6272756289670229 0
882.0 0.6275942420499321 0
883.0 0.6275942420499322 0
884.0 0.6275942420499321 0
885.0 0.6275942420499321 0
886.0 0.6275942420499322 0
887.0 0.6275942420499321 0
888.0 0.6272756289670229 0
889.0 0.6275942420499322 0
890.0 0.6275942420499321 0
891.0 0.6275942420499322 0
892.0 0.6272756289670229 0
893.0 0.6275942420499322 0
894.0 0.6275942420499322 0
895.0 0.6272756289670229 0
896.0 0.6275942420499321 0
897.0 0.627275628967023 0
898.0 0.6272756289670229 0
899.0 0.6272756289670229 0
900.0 0.6272756289670229 0
901.0 0.6272756289670229 0
902.0 0.6275942420499322 0
903.0 0.6272756289670229 0
904.0 0.6275942420499322 0
905.0 0.627275628967023 0
906.0 0.6272756289670229 0
907.0 0.627275628967023 0
908.0 0.6275942420499321 0
909.0 0.6275942420499322 0
910.0 0.6272756289670229 0
911.0 0.6275942420499321 0
912.0 0.6275942420499322 0
913.0 0.627275628967023 0
914.0 0.6275942420499322 0
915.0 0.6275942420499322 0
916.0 0.6275942420499321 0
917.0 0.6275942420499321 0
918.0 0.6275942420499321 0
919.0 0.6272756289670229 0
920.0 0.6275942420499322 0
921.0 0.6272756289670229 0
922.0 0.6272756289670229 0
923.0 0.627275628967023 0
924.0 0.627275628967023 0
925.0 0.627275628967023 0
926.0 0.6272756289670229 0
927.0 0.6275942420499321 0
928.0 0.6272756289670229 0
929.0 0.6272756289670229 0
930.0 0.6275942420499322 0
931.0 0.6275942420499321 0
932.0 0.6275942420499321 0
933.0 0.6275942420499321 0
934.0 0.6275942420499322 0
935.0 0.627275628967023 0
936.0 0.6275942420499322 0
937.0 0.6275942420499321 0
938.0 0.6275942420499322 0
939.0 0.627275628967023 0
940.0 0.6275942420499322 0
941.0 0.6272756289670229 0
942.0 0.6272756289670229 0
943.0 0.6275942420499321 0
944.0 0.6272756289670229 0
945.0 0.6272756289670229 0
946.0 0.627275628967023 0
947.0 0.6275942420499322 0
948.0 0.6272756289670229 0
949.0 0.6275942420499321 0
950.0 0.6275942420499322 0
951.0 0.6272756289670229 0
952.0 0.627275628967023 0
953.0 0.6272756289670229 0
954.0 0.6275942420499322 0
955.0 0.6275942420499321 0
956.0 0.6275942420499322 0
957.0 0.6275942420499322 0
958.0 0.6272756289670229 0
959.0 0.6275942420499322 0
960.0 0.6275942420499321 0
961.0 0.6275942420499322 0
962.0 0.6275942420499321 0
963.0 0.6272756289670229 0
964.0 0.6275942420499322 0
965.0 0.6275942420499322 0
966.0 0.6275942420499322 0
967.0 0.6275942420499321 0
968.0 0.6275942420499322 0
969.0 0.6275942420499322 0
970.0 0.627275628967023 0
971.0 0.627275628967023 0
972.0 0.6275942420499322 0
973.0 0.6272756289670229 0
974.0 0.6275942420499322 0
975.0 0.627275628967023 0
976.0 0.627275628967023 0
977.0 0.6275942420499321 0
978.0 0.627275628967023 0
979.0 0.627275628967023 0
980.0 0.627275628967023 0
981.0 0.627275628967023 0
982.0 0.6272756289670229 0
983.0 0.6275942420499321 0
984.0 0.627275628967023 0
985.0 0.6275942420499321 0
986.0 0.6272756289670229 0
987.0 0.627275628967023 0
988.0 0.6272756289670229 0
989.0 0.6272756289670229 0
990.0 0.6275942420499321 0
991.0 0.6275942420499322 0
992.0 0.627275628967023 0
993.0 0.6272756289670229 0
994.0 0.6275942420499322 0
995.0 0.6275942420499322 0
996.0 0.627275628967023 0
997.0 0.6275942420499321 0
998.0 0.6272756289670229 0
999.0 0.6275942420499321 0
1000.0 0.6272756289670229 0
1001.0 0.627275628967023 0
1002.0 0.627275628967023 0
1003.0 0.6275942420499321 0
1004.0 0.627275628967023 0
1005.0 0.6275942420499321 0
1006.0 0.6275942420499321 0
1007.0 0.6272756289670229 0
1008.0 0.627275628967023 0
1009.0 0.627275628967023 0
1010.0 0.627275628967023 0
1011.0 0.6275942420499321 0
1012.0 0.627275628967023 0
1013.0 0.627275628967023 0
1014.0 0.6272756289670229 0
1015.0 0.6272756289670229 0
1016.0 0.6275942420499322 0
1017.0 0.6275942420499321 0
1018.0 0.627275628967023 0
1019.0 0.6275942420499321 0
1020.0 0.6275942420499322 0
1021.0 0.627275628967023 0
1022.0 0.6275942420499321 0
1023.0 0.627275628967023 0
1024.0 0.6272756289670229 0
1025.0 0.6272756289670229 0
1026.0 0.6272756289670229 0
1027.0 0.6272756289670229 0
1028.0 0.6275942420499322 0
1029.0 0.6275942420499322 0
1030.0 0.6272756289670229 0
1031.0 0.627275628967023 0
1032.0 0.6275942420499321 0
