1.0 4.517707735426672 1
2.0 4.517707735426672 0
2.0 3.768426578492968 1
3.0 3.768426578492968 0
3.0 4.066967654700938 0
4.0 4.019224221284686 0
5.0 3.847074757191796 0
6.0 3.842946617861624 0
7.0 3.6116094407430412 1
8.0 3.6116094407430412 0
8.0 3.6724880281472903 0
9.0 3.7833216118730575 0
10.0 3.6653028673731827 0
11.0 3.9209576469467 0
12.0 3.401166769101584 1
13.0 3.401166769101584 0
13.0 3.1248618481742416 1
14.0 3.1248618481742416 0
14.0 3.6916182124690873 0
15.0 3.6211838662017497 0
16.0 3.7305374492430086 0
17.0 3.1243667756069162 1
18.0 3.1243667756069162 0
18.0 3.261607314859271 0
19.0 3.4540494454764055 0
20.0 2.928298738774436 1
21.0 2.928298738774436 0
21.0 3.0624372659442036 0
22.0 2.6506159672073855 1
23.0 2.6506159672073855 0
23.0 2.2365797798340576 1
24.0 2.2365797798340576 0
24.0 2.6170654207953974 0
25.0 3.102328789538196 0
26.0 3.030456920928116 0
27.0 2.649565071756241 0
28.0 2.861495383988086 0
29.0 2.745446092140545 0
30.0 2.680780078964639 0
31.0 2.8206319227037175 0
32.0 3.1272320682954002 0
33.0 2.711607396660987 0
34.0 2.5791477662566957 0
35.0 2.5682026909167366 0
36.0 2.470334781272958 0
37.0 2.3312763674739934 0
38.0 2.665614452563896 0
39.0 2.5865588907022787 0
40.0 2.476357542272028 0
41.0 2.2313565794751384 1
42.0 2.2313565794751384 0
42.0 2.1364577681445076 1
43.0 2.1364577681445076 0
43.0 2.170973246755299 0
44.0 2.3208232467267957 0
45.0 2.347077284848325 0
46.0 2.3536743483103026 0
47.0 2.3246758284289477 0
48.0 2.115848925026896 1
49.0 2.115848925026896 0
49.0 1.9855377541336627 1
50.0 1.9855377541336627 0
50.0 2.543125914050897 0
51.0 2.348447975245178 0
52.0 2.338465569272522 0
53.0 2.3821606819488292 0
54.0 1.872772826734149 1
55.0 1.872772826734149 0
55.0 1.792237629336089 1
56.0 1.792237629336089 0
56.0 2.3510704566289005 0
57.0 1.8275216707806932 0
58.0 2.06368634747273 0
59.0 2.071055300972114 0
60.0 1.7788644636943354 1
61.0 1.7788644636943354 0
61.0 2.166367892664698 0
62.0 2.061965404354145 0
63.0 1.7882321604124933 0
64.0 1.86632180896835 0
65.0 1.7294500301441946 1
66.0 1.7294500301441946 0
66.0 1.6958120881165073 1
67.0 1.6958120881165073 0
67.0 1.6029670987217675 1
68.0 1.6029670987217675 0
68.0 1.5525763461106188 1
69.0 1.5525763461106188 0
69.0 1.627668376522444 0
70.0 1.6508768156783926 0
71.0 2.124223011562413 0
72.0 1.3881427959152222 1
73.0 1.3881427959152222 0
73.0 1.5042274732099448 0
74.0 1.7998764244644954 0
75.0 1.487593881871028 0
76.0 1.620169623623428 0
77.0 1.5834861716324655 0
78.0 1.6730428767715582 0
79.0 1.6787218689656385 0
80.0 1.6645790332415131 0
81.0 1.6863471623990216 0
82.0 2.0586183475827355 0
83.0 1.6611278167908918 0
84.0 1.6420734508805275 0
85.0 1.6267102162666747 0
86.0 1.7799678469461604 0
87.0 1.6453804712632605 0
88.0 1.3943464268811185 0
89.0 1.2611248852831616 1
90.0 1.2611248852831616 0
90.0 1.476897362977601 0
91.0 1.4681480165356984 0
92.0 1.4298195091151886 0
93.0 1.448841268501384 0
94.0 1.4324159932969096 0
95.0 1.5420088146294735 0
96.0 1.6768064524646513 0
97.0 1.612910756884442 0
98.0 1.4213723326752368 0
99.0 1.6158808280288137 0
100.0 1.429457242631102 0
101.0 1.4065386634635155 0
102.0 1.6918460456137212 0
103.0 1.530056209969203 0
104.0 1.79646996370776 0
105.0 1.50403007359125 0
106.0 1.5592760011510498 0
107.0 1.5678511649839655 0
108.0 1.3909516235221129 0
109.0 1.4631327815060222 0
110.0 1.4752477335760246 0
111.0 1.3797147247359693 0
112.0 1.4263309076610795 0
113.0 1.2917392915490085 0
114.0 1.440212288408134 0
115.0 1.342456833453103 0
116.0 1.4920054235977633 0
117.0 1.3752230596635213 0
118.0 1.3353096940514801 0
119.0 1.3625924990014289 0
120.0 1.2802465142395514 0
121.0 1.3000054165142918 0
122.0 1.2976991711265173 0
123.0 1.161566626465776 1
124.0 1.161566626465776 0
124.0 1.2339657541099962 0
125.0 1.2441096100567401 0
126.0 1.2698945236662038 0
127.0 1.2577701111032846 0
128.0 1.357802486812024 0
129.0 1.165363283395834 0
130.0 1.1923083171434972 0
131.0 1.1381478133842644 1
132.0 1.1381478133842644 0
132.0 1.2163503115797691 0
133.0 1.3415623414236177 0
134.0 1.281270546226706 0
135.0 1.2941081670144163 0
136.0 1.2174944627603057 0
137.0 1.293801849190374 0
138.0 1.1765294347947821 0
139.0 1.1615668570695747 0
140.0 1.2884231570867755 0
141.0 1.2860557238851524 0
142.0 1.2234557675170143 0
143.0 1.0892367560675174 1
144.0 1.0892367560675174 0
144.0 1.077069389586929 1
145.0 1.077069389586929 0
145.0 1.1643792089239577 0
146.0 1.165668446855441 0
147.0 1.245762472988628 0
148.0 1.0599293283849551 1
149.0 1.0599293283849551 0
149.0 1.0960634142715238 0
150.0 1.227515870273141 0
151.0 1.176139702494553 0
152.0 1.2117432185171737 0
153.0 1.1971386882470392 0
154.0 1.1456746849945345 0
155.0 1.179543483357925 0
156.0 1.2634888208415045 0
157.0 1.0257067032455622 1
158.0 1.0257067032455622 0
158.0 1.2103504505482596 0
159.0 1.2127776376264572 0
160.0 1.104880178307669 0
161.0 1.1853191238278011 0
162.0 1.1102973640087412 0
163.0 1.1839220837737423 0
164.0 1.1272938521335638 0
165.0 1.0777703426566452 0
166.0 1.1772766370251588 0
167.0 1.0808848081059301 0
168.0 1.041079090474422 0
169.0 1.0798629789384646 0
170.0 1.0477105560680684 0
171.0 1.0223762942711085 1
172.0 1.0223762942711085 0
172.0 1.1338908568783939 0
173.0 1.0339566573860164 0
174.0 1.1097749924093951 0
175.0 1.1204359568121878 0
176.0 1.1039427243132451 0
177.0 1.0996024151707806 0
178.0 1.162334142240558 0
179.0 1.229345411889436 0
180.0 1.1656759724748564 0
181.0 1.1995773369991372 0
182.0 1.1505183177204301 0
183.0 1.1165202008643171 0
184.0 1.1364957064134655 0
185.0 1.1045608132436155 0
186.0 1.0707214417679365 0
187.0 1.111094656790968 0
188.0 1.1286268292643138 0
189.0 1.097674118416988 0
190.0 1.0905628653480075 0
191.0 0.9952907222826698 1
192.0 0.9952907222826698 0
192.0 1.082788399790438 0
193.0 1.09963162518837 0
194.0 1.1115574430494863 0
195.0 1.074106127601051 0
196.0 1.0852496156018803 0
197.0 1.089763369822273 0
198.0 1.1316006075094556 0
199.0 1.0717267412835465 0
200.0 1.0895263912654147 0
201.0 1.0933772382603875 0
202.0 1.0936845277732874 0
203.0 1.0369364503438214 0
204.0 1.116492168870649 0
205.0 1.147829398072416 0
206.0 1.0312714919800399 0
207.0 1.1183693427119155 0
208.0 1.05779405680153 0
209.0 0.9959162012219746 0
210.0 1.0209134227220356 0
211.0 1.0430095366363867 0
212.0 1.1044628246784325 0
213.0 1.0672466795118831 0
214.0 0.9582945857313423 1
215.0 0.9582945857313423 0
215.0 1.0915189339735067 0
216.0 0.938094146104394 1
217.0 0.938094146104394 0
217.0 1.0172593150126372 0
218.0 1.0196870865968342 0
219.0 1.097850092622533 0
220.0 1.0021509872078593 0
221.0 1.076089945367204 0
222.0 1.0208212812476647 0
223.0 1.0350448432027302 0
224.0 1.0016159602730892 0
225.0 1.0179271364801539 0
226.0 1.0382574825836641 0
227.0 1.0227217978340568 0
228.0 1.0029245845866461 0
229.0 1.1440139273350085 0
230.0 0.9716486793422963 0
231.0 1.0204143661466214 0
232.0 0.9929235008994229 0
233.0 1.1043718518098815 0
234.0 1.0221899497741733 0
235.0 1.022615957620773 0
236.0 0.9874129457155875 0
237.0 1.0232483776481085 0
238.0 1.077304897346474 0
239.0 1.088546840654174 0
240.0 0.96534058726726 0
241.0 0.9844217688403291 0
242.0 1.0245229084187102 0
243.0 1.0013355517149554 0
244.0 1.0092011045290978 0
245.0 1.0045084178301085 0
246.0 1.0584772317247675 0
247.0 0.982521842040173 0
248.0 1.0164144938330424 0
249.0 1.0156172022185717 0
250.0 0.9662998583002076 0
251.0 1.0189652035669 0
252.0 1.044518352793776 0
253.0 0.9912643793489719 0
254.0 1.0044367602890174 0
255.0 0.9900458468420946 0
256.0 1.0054117802616558 0
257.0 1.0657353848714068 0
258.0 0.985245939454854 0
259.0 0.9763523380755975 0
260.0 0.9171814265319561 1
261.0 0.9171814265319561 0
261.0 0.9761444511627547 0
262.0 0.9546993533752366 0
263.0 0.9392476075452231 0
264.0 0.9499317034078736 0
265.0 0.9983557222778826 0
266.0 0.9877661693524799 0
267.0 0.9314652150201475 0
268.0 0.9605897922442522 0
269.0 0.9803345355371403 0
270.0 0.982082008348401 0
271.0 1.0063817386789184 0
272.0 0.9999663603443371 0
273.0 1.0217110389182174 0
274.0 1.0095633328838334 0
275.0 1.0000435753760466 0
276.0 0.9917089332344393 0
277.0 0.8994359184583036 1
278.0 0.8994359184583036 0
278.0 0.9551024932656575 0
279.0 0.9798797053127657 0
280.0 0.9769014676105487 0
281.0 0.9870685406685346 0
282.0 0.964833876976127 0
283.0 1.012497129243414 0
284.0 1.0020945709430245 0
285.0 1.0017903582798362 0
286.0 1.0008278398052035 0
287.0 0.994496399298635 0
288.0 1.004813170955071 0
289.0 0.9882944280505265 0
290.0 0.943137560618719 0
291.0 1.0339992842088208 0
292.0 0.9880286861884483 0
293.0 1.0127214345679274 0
294.0 0.9735183197453511 0
295.0 0.990263528298416 0
296.0 1.002544265968079 0
297.0 1.0159533404849912 0
298.0 1.0129406361967868 0
299.0 0.8857358204497334 1
300.0 0.8857358204497334 0
300.0 0.9719457514619257 0
301.0 0.9645659194745783 0
302.0 0.9381085695799739 0
303.0 0.9874153748742748 0
304.0 1.0139486192612908 0
305.0 0.9465519362085745 0
306.0 0.9773538693870346 0
307.0 0.9846410173312057 0
308.0 0.9811835028126155 0
309.0 0.9790242752668219 0
310.0 0.939219373557452 0
311.0 0.9554563666498119 0
312.0 0.9214401238883363 0
313.0 0.9406163842656277 0
314.0 0.9389699265801754 0
315.0 0.9858625728193159 0
316.0 0.9563935696303305 0
317.0 0.9959740576689735 0
318.0 0.9368608044876233 0
319.0 0.9850048260226185 0
320.0 0.9095065307901172 0
321.0 0.9127172156236181 0
322.0 0.9676763880705973 0
323.0 0.930067102394415 0
324.0 0.9943187972343773 0
325.0 0.9645899808130294 0
326.0 1.0008893164830552 0
327.0 0.9431279979483136 0
328.0 0.9282016238771355 0
329.0 0.9151766764193148 0
330.0 0.8770768917162731 1
331.0 0.8770768917162731 0
331.0 0.8780873235880022 0
332.0 0.9089764440162501 0
333.0 0.8960956057310308 0
334.0 0.859539165052447 1
335.0 0.859539165052447 0
335.0 0.909024927017931 0
336.0 0.932375349420116 0
337.0 0.892788220225619 0
338.0 0.8871687382814465 0
339.0 0.9480533257254189 0
340.0 0.9228083634217132 0
341.0 0.9740172627450998 0
342.0 0.9175254484324731 0
343.0 0.880791461969753 0
344.0 0.8008047583215163 1
345.0 0.8008047583215163 0
345.0 0.8479755842279928 0
346.0 0.8680606014750335 0
347.0 0.8416549509009206 0
348.0 0.8409795377349959 0
349.0 0.80025239121991 1
350.0 0.80025239121991 0
350.0 0.8922535052050826 0
351.0 0.9132302906709767 0
352.0 0.9008461707341124 0
353.0 0.8964199302745227 0
354.0 0.8931173500303459 0
355.0 0.9070075272308933 0
356.0 0.888299075801964 0
357.0 0.8541562632617798 0
358.0 0.8803741860715498 0
359.0 0.8868026107576517 0
360.0 0.8429098654472162 0
361.0 0.8161650178823552 0
362.0 0.8550436149507942 0
363.0 0.8653922145516436 0
364.0 0.825838938472041 0
365.0 0.8458618005573307 0
366.0 0.8711341019009476 0
367.0 0.9022104425570192 0
368.0 0.8430346877497358 0
369.0 0.7948289055215517 1
370.0 0.7948289055215517 0
370.0 0.7936940498268089 1
371.0 0.7936940498268089 0
371.0 0.8478807343267288 0
372.0 0.7846087274600974 1
373.0 0.7846087274600974 0
373.0 0.8787986196848867 0
374.0 0.8598696753575229 0
375.0 0.8095217880679096 0
376.0 0.8271628501622975 0
377.0 0.8881153869550114 0
378.0 0.8052023759096311 0
379.0 0.7783693972542487 1
380.0 0.7783693972542487 0
380.0 0.873612861041069 0
381.0 0.8421126309505953 0
382.0 0.8044949654258293 0
383.0 0.8678402952885034 0
384.0 0.7592555034255233 1
385.0 0.7592555034255233 0
385.0 0.8142327968784224 0
386.0 0.8259920911264845 0
387.0 0.7858067093454235 0
388.0 0.9020204745544522 0
389.0 0.8493875648899388 0
390.0 0.7913901890204089 0
391.0 0.7843581147455849 0
392.0 0.7621547843062415 0
393.0 0.8249112349261201 0
394.0 0.7525393960073341 1
395.0 0.7525393960073341 0
395.0 0.7768340017243726 0
396.0 0.7533804600255669 0
397.0 0.746831754159857 1
398.0 0.746831754159857 0
398.0 0.7723096796609668 0
399.0 0.7700817044365923 0
400.0 0.8077509380884971 0
401.0 0.7959252137503395 0
402.0 0.757829980070636 0
403.0 0.7880781523957997 0
404.0 0.8259613974664087 0
405.0 0.7647098520558776 0
406.0 0.7564571682406932 0
407.0 0.6971479969253629 1
408.0 0.6971479969253629 0
408.0 0.7344534607006081 0
409.0 0.8241153683385369 0
410.0 0.7437307678376951 0
411.0 0.7640717036667027 0
412.0 0.7558982234475148 0
413.0 0.7574593804222908 0
414.0 0.7685404280021366 0
415.0 0.7320725622324602 0
416.0 0.8064649964154271 0
417.0 0.7359400173972909 0
418.0 0.7896239727202079 0
419.0 0.7713273807164867 0
420.0 0.731911866594781 0
421.0 0.7332788291761245 0
422.0 0.7063885134146233 0
423.0 0.7385083602237046 0
424.0 0.7178488685509425 0
425.0 0.70039388854141 0
426.0 0.6938626325849646 1
427.0 0.6938626325849646 0
427.0 0.6456555884584724 1
428.0 0.6456555884584724 0
428.0 0.6981993270306535 0
429.0 0.7082521634245185 0
430.0 0.7479927615794181 0
431.0 0.745037762134743 0
432.0 0.7224256230741697 0
433.0 0.7880242674925158 0
434.0 0.753841955877615 0
435.0 0.696374339407822 0
436.0 0.6967798263595396 0
437.0 0.6990530901746523 0
438.0 0.7475031566119132 0
439.0 0.7040572814299993 0
440.0 0.7042132779441012 0
441.0 0.7113466788781754 0
442.0 0.7304061421123755 0
443.0 0.6871252523217403 0
444.0 0.6982204454543955 0
445.0 0.6789397558524114 0
446.0 0.6875171160316575 0
447.0 0.7022897287498113 0
448.0 0.7455414640160299 0
449.0 0.6706178563984524 0
450.0 0.6855137628439248 0
451.0 0.6946948054102292 0
452.0 0.710049080873574 0
453.0 0.6787854561700026 0
454.0 0.6685406225413755 0
455.0 0.6742422022302966 0
456.0 0.6365320153086047 1
457.0 0.6365320153086047 0
457.0 0.6683747713958086 0
458.0 0.7178852306625749 0
459.0 0.6552791487477585 0
460.0 0.669427602837439 0
461.0 0.6252048786464032 1
462.0 0.6252048786464032 0
462.0 0.6644807898892215 0
463.0 0.6696241978814033 0
464.0 0.6553032793892006 0
465.0 0.6270313281054031 0
466.0 0.6549650183188473 0
467.0 0.6836348906478328 0
468.0 0.6825988140039287 0
469.0 0.6946223291291932 0
470.0 0.6593425418220387 0
471.0 0.7660992356271753 0
472.0 0.6897630720566688 0
473.0 0.6518028244581351 0
474.0 0.6575546024104549 0
475.0 0.6861860646609512 0
476.0 0.6400527479902068 0
477.0 0.6675473872041304 0
478.0 0.6720781256075328 0
479.0 0.6894349246028048 0
480.0 0.7083098450655073 0
481.0 0.6481056873593509 0
482.0 0.6720523013583826 0
483.0 0.6611823077619086 0
484.0 0.6273987491073281 0
485.0 0.6202215708954313 1
486.0 0.6202215708954313 0
486.0 0.657785474231443 0
487.0 0.6733088626757457 0
488.0 0.6398611364913244 0
489.0 0.6500038346719466 0
490.0 0.5804146531290523 1
491.0 0.5804146531290523 0
491.0 0.6080436990206778 0
492.0 0.6034075505140946 0
493.0 0.6263124141120467 0
494.0 0.595145560144949 0
495.0 0.6209434893130684 0
496.0 0.5700329853141091 1
497.0 0.5700329853141091 0
497.0 0.5489480872076261 1
498.0 0.5489480872076261 0
498.0 0.599747037862886 0
499.0 0.6273651457116742 0
500.0 0.6060610722759289 0
501.0 0.6020294322582124 0
502.0 0.6083514089971097 0
503.0 0.5869897189585676 0
504.0 0.5612907297613118 0
505.0 0.5651313704565651 0
506.0 0.5395855898130881 1
507.0 0.5395855898130881 0
507.0 0.5537543446781479 0
508.0 0.5440963693104796 0
509.0 0.5487467290680891 0
510.0 0.578558171383903 0
511.0 0.6022776934943138 0
512.0 0.5729804141812758 0
513.0 0.5779194406465189 0
514.0 0.5800657321924774 0
515.0 0.5970647101986021 0
516.0 0.5612700940468619 0
517.0 0.6296937332921662 0
518.0 0.6045464600276418 0
519.0 0.6218264829101452 0
520.0 0.5943751014046978 0
521.0 0.6119053727675321 0
522.0 0.6372502222337499 0
523.0 0.559199640763966 0
524.0 0.5513747368449364 0
525.0 0.571617448808602 0
526.0 0.5815396534815306 0
527.0 0.5590957682732968 0
528.0 0.5568087945749489 0
529.0 0.5664511469922026 0
530.0 0.5425194078266835 0
531.0 0.6072152404295504 0
532.0 0.5425405054341447 0
533.0 0.5894404382354549 0
534.0 0.557981530269148 0
535.0 0.561622515368348 0
536.0 0.575936499652052 0
537.0 0.5475677481589701 0
538.0 0.5607569382729397 0
539.0 0.5704090366200426 0
540.0 0.5739363104631836 0
541.0 0.52914232435738 1
542.0 0.52914232435738 0
542.0 0.5339880178445178 0
543.0 0.5082758880639796 1
544.0 0.5082758880639796 0
544.0 0.5036419931992772 1
545.0 0.5036419931992772 0
545.0 0.526061436664183 0
546.0 0.5362365872269361 0
547.0 0.5485402190762154 0
548.0 0.5455018172389464 0
549.0 0.5297143408116362 0
550.0 0.511990706995889 0
551.0 0.542188408186647 0
552.0 0.5233383364002205 0
553.0 0.5034778032946402 1
554.0 0.5034778032946402 0
554.0 0.5367533508688753 0
555.0 0.5095389974985739 0
556.0 0.49527337017649503 1
557.0 0.49527337017649503 0
557.0 0.5157834391173308 0
558.0 0.5187609604093979 0
559.0 0.5334692610180989 0
560.0 0.5039710720802704 0
561.0 0.5507963153473291 0
562.0 0.5272002930962111 0
563.0 0.5255419695709549 0
564.0 0.5191394355430223 0
565.0 0.5183373289699758 0
566.0 0.5276209998732506 0
567.0 0.5101975514807274 0
568.0 0.47338972755514447 1
569.0 0.47338972755514447 0
569.0 0.4899019150059993 0
570.0 0.4894282677502818 0
571.0 0.4866168961397425 0
572.0 0.4818161058882495 0
573.0 0.445172702141091 1
574.0 0.445172702141091 0
574.0 0.47465660321381625 0
575.0 0.5122363272803203 0
576.0 0.455954910171954 0
577.0 0.47251045161928373 0
578.0 0.4522590066156365 0
579.0 0.5019377985066031 0
580.0 0.480113814616185 0
581.0 0.483929190512588 0
582.0 0.5114580007466615 0
583.0 0.4783235395668782 0
584.0 0.4338016240570602 1
585.0 0.4338016240570602 0
585.0 0.46779027899865916 0
586.0 0.46139867605788065 0
587.0 0.4915660136028048 0
588.0 0.46865409318336904 0
589.0 0.49688342414312525 0
590.0 0.4471342538716612 0
591.0 0.4574573774391582 0
592.0 0.46768104717823167 0
593.0 0.46946891086423614 0
594.0 0.4628845339874832 0
595.0 0.4529072528567717 0
596.0 0.43709949088550737 0
597.0 0.4524108966863575 0
598.0 0.4372948924202694 0
599.0 0.4692757324069576 0
600.0 0.4527501487387123 0
601.0 0.42110507821484555 1
602.0 0.42110507821484555 0
602.0 0.43557857955382345 0
603.0 0.44942486744940796 0
604.0 0.4294047402429194 0
605.0 0.4431595680927711 0
606.0 0.41830348985115134 1
607.0 0.41830348985115134 0
607.0 0.4175908960874926 1
608.0 0.4175908960874926 0
608.0 0.40154601350093627 1
609.0 0.40154601350093627 0
609.0 0.41099068723438015 0
610.0 0.438956995877891 0
611.0 0.4418631292505058 0
612.0 0.44451787361356626 0
613.0 0.45063497365184557 0
614.0 0.4283145099879863 0
615.0 0.4534883278719802 0
616.0 0.44729441333773834 0
617.0 0.42748858649011634 0
618.0 0.4268091256741163 0
619.0 0.4017208223754128 0
620.0 0.4126758968930747 0
621.0 0.42638312661097333 0
622.0 0.46093253627078845 0
623.0 0.41701818249084227 0
624.0 0.4321517298063693 0
625.0 0.44271090852548245 0
626.0 0.42700534856355765 0
627.0 0.3963924656180549 1
628.0 0.3963924656180549 0
628.0 0.4265177888974015 0
629.0 0.40983377577389773 0
630.0 0.394923576386179 1
631.0 0.394923576386179 0
631.0 0.40782214466121125 0
632.0 0.4102037761417638 0
633.0 0.41003547179724287 0
634.0 0.4047037576526776 0
635.0 0.4127860082014603 0
636.0 0.4118806503768691 0
637.0 0.3976738793180121 0
638.0 0.4056818191888932 0
639.0 0.40007398390429627 0
640.0 0.41151375879394203 0
641.0 0.3999795799792019 0
642.0 0.3850926342073804 1
643.0 0.3850926342073804 0
643.0 0.3875864336450793 0
644.0 0.37820539117632296 1
645.0 0.37820539117632296 0
645.0 0.3748407327144846 1
646.0 0.3748407327144846 0
646.0 0.3981689125374843 0
647.0 0.39520288013279736 0
648.0 0.4261774228946623 0
649.0 0.4050253121327715 0
650.0 0.4059646277883146 0
651.0 0.4099385788793424 0
652.0 0.3993540244004361 0
653.0 0.40023880571005416 0
654.0 0.3989408362617304 0
655.0 0.3927781294989823 0
656.0 0.39369894612998224 0
657.0 0.4228908826627461 0
658.0 0.4054610022164716 0
659.0 0.4094856994199297 0
660.0 0.40239074542439324 0
661.0 0.3960608469220666 0
662.0 0.38986211113359287 0
663.0 0.38442252365953794 0
664.0 0.3763643008131377 0
665.0 0.39766272841598754 0
666.0 0.3897025126917287 0
667.0 0.38603260859673744 0
668.0 0.39867695743159626 0
669.0 0.3920623840485329 0
670.0 0.4006936074770456 0
671.0 0.35838474470910997 1
672.0 0.35838474470910997 0
672.0 0.3940814284742433 0
673.0 0.388604460946924 0
674.0 0.37731228733905553 0
675.0 0.38141838732803846 0
676.0 0.3785003298046416 0
677.0 0.38485921297559406 0
678.0 0.3780100914636475 0
679.0 0.3609791961554073 0
680.0 0.3661559114950828 0
681.0 0.3683721901008031 0
682.0 0.3646348575972462 0
683.0 0.38820460860761735 0
684.0 0.3772472704714913 0
685.0 0.3824687565080156 0
686.0 0.3816591515798144 0
687.0 0.3656524930706418 0
688.0 0.35515350316149064 1
689.0 0.35515350316149064 0
689.0 0.37306438784561397 0
690.0 0.3794663951961993 0
691.0 0.3602164362412714 0
692.0 0.3416958196282285 1
693.0 0.3416958196282285 0
693.0 0.363127634444015 0
694.0 0.3562378946521245 0
695.0 0.3478857692951997 0
696.0 0.3450687258314118 0
697.0 0.33494246637103003 1
698.0 0.33494246637103003 0
698.0 0.35379317742043026 0
699.0 0.34732468687284174 0
700.0 0.362590174898106 0
701.0 0.35945362817044335 0
702.0 0.35403092120415497 0
703.0 0.3565216964674896 0
704.0 0.3540496120939018 0
705.0 0.33843629954092297 0
706.0 0.33976730785746007 0
707.0 0.35556627436528015 0
708.0 0.36395818166990096 0
709.0 0.36606369056343563 0
710.0 0.3528308359857469 0
711.0 0.34315088748282885 0
712.0 0.3473102826142544 0
713.0 0.34393461541037357 0
714.0 0.3505347022597591 0
715.0 0.34830805562195455 0
716.0 0.34377134022905687 0
717.0 0.34292216943633363 0
718.0 0.3405988055751366 0
719.0 0.3278078223494607 1
720.0 0.3278078223494607 0
720.0 0.3502467667367624 0
721.0 0.34131650861930407 0
722.0 0.3326388270295759 0
723.0 0.32919398092004165 0
724.0 0.33502953004317937 0
725.0 0.32845248628598844 0
726.0 0.33999863956598997 0
727.0 0.3347732651493418 0
728.0 0.32611274513797245 1
729.0 0.32611274513797245 0
729.0 0.3253678062721969 1
730.0 0.3253678062721969 0
730.0 0.3463701786816153 0
731.0 0.3243178347593832 1
732.0 0.3243178347593832 0
732.0 0.3385052470304366 0
733.0 0.3280876044136453 0
734.0 0.3209609520169789 1
735.0 0.3209609520169789 0
735.0 0.33584062643267315 0
736.0 0.3271509016839505 0
737.0 0.31938104051048005 1
738.0 0.31938104051048005 0
738.0 0.3249530389137975 0
739.0 0.3354675800587314 0
740.0 0.314620911034611 1
741.0 0.314620911034611 0
741.0 0.33601937209782473 0
742.0 0.3381762205201695 0
743.0 0.33134925327051934 0
744.0 0.33621126283952696 0
745.0 0.3339716784756593 0
746.0 0.329991065691739 0
747.0 0.3135950308153844 1
748.0 0.3135950308153844 0
748.0 0.3219764689512493 0
749.0 0.3247896447242673 0
750.0 0.32528482749096244 0
751.0 0.31783409897537224 0
752.0 0.31335630704167156 1
753.0 0.31335630704167156 0
753.0 0.313867765095398 0
754.0 0.3201958322725335 0
755.0 0.32467719148249913 0
756.0 0.32316725274360636 0
757.0 0.31583984169097307 0
758.0 0.32186374552935865 0
759.0 0.31912834786850536 0
760.0 0.32131257579558414 0
761.0 0.3203088142986595 0
762.0 0.3228484275828428 0
763.0 0.31949881485112397 0
764.0 0.3156303662672643 0
765.0 0.32603986806732593 0
766.0 0.32291737200068293 0
767.0 0.3182726992008203 0
768.0 0.3196204295929015 0
769.0 0.32356240499467837 0
770.0 0.31856919067307976 0
771.0 0.3051474430761417 1
772.0 0.3051474430761417 0
772.0 0.31483046286930394 0
773.0 0.32170331154220033 0
774.0 0.32109334233304115 0
775.0 0.3124481208934732 0
776.0 0.31057128506295484 0
777.0 0.31209756252777143 0
778.0 0.3126519033937919 0
779.0 0.3065622636121923 0
780.0 0.3115785970561905 0
781.0 0.31188417151045783 0
782.0 0.3081547205847497 0
783.0 0.3158068230551705 0
784.0 0.3198231234016187 0
785.0 0.30779278652655123 0
786.0 0.3167354537887978 0
787.0 0.3125182131516204 0
788.0 0.3177130646017142 0
789.0 0.31412864513687483 0
790.0 0.3128208298913139 0
791.0 0.3045653291253234 1
792.0 0.3045653291253234 0
792.0 0.3103913502295552 0
793.0 0.30921117365344825 0
794.0 0.30800679233501105 0
795.0 0.31580598507284774 0
796.0 0.3140478622704123 0
797.0 0.29769566839001316 1
798.0 0.29769566839001316 0
798.0 0.31636896555943134 0
799.0 0.3108308191794214 0
800.0 0.30836941896617565 0
801.0 0.3164301787082188 0
802.0 0.3112363760941595 0
803.0 0.31799646410432914 0
804.0 0.3122022020730769 0
805.0 0.30855915245554405 0
806.0 0.3186653329862747 0
807.0 0.3089072141619562 0
808.0 0.30621036051460276 0
809.0 0.3027284311107657 0
810.0 0.3050997413197146 0
811.0 0.3082776976253186 0
812.0 0.3043751691813946 0
813.0 0.3048610720237374 0
814.0 0.31175185590453497 0
815.0 0.3114334769230283 0
816.0 0.3097611863065146 0
817.0 0.306220438667252 0
818.0 0.30218435119990034 0
819.0 0.307841122341876 0
820.0 0.3059709621917772 0
821.0 0.3038171191329847 0
822.0 0.3054961027937448 0
823.0 0.30524744102189294 0
824.0 0.30744411287218565 0
825.0 0.30683161418001054 0
826.0 0.30605895510787345 0
827.0 0.3006229384386984 0
828.0 0.300536523803025 0
829.0 0.29945640041198074 0
830.0 0.30904570463898773 0
831.0 0.3026011661189774 0
832.0 0.3053607649427763 0
833.0 0.2937958339285113 1
834.0 0.2937958339285113 0
834.0 0.3021816964130162 0
835.0 0.3077921095657934 0
836.0 0.3037486258192297 0
837.0 0.29876878999579526 0
838.0 0.30397991183347794 0
839.0 0.2926886076100537 1
840.0 0.2926886076100537 0
840.0 0.29616494855270104 0
841.0 0.29870154723293235 0
842.0 0.2982744416828043 0
843.0 0.2933287213102013 0
844.0 0.2957188436002809 0
845.0 0.2923262484173532 1
846.0 0.2923262484173532 0
846.0 0.29788687640840406 0
847.0 0.29940129437984475 0
848.0 0.2981787915731575 0
849.0 0.29592859704829494 0
850.0 0.29745171368746415 0
851.0 0.295347502486089 0
852.0 0.2973771794629914 0
853.0 0.29390068826232013 0
854.0 0.29489704657511956 0
855.0 0.29260833712878265 0
856.0 0.293832163495669 0
857.0 0.2918987904627857 1
858.0 0.2918987904627857 0
858.0 0.291834243154718 1
859.0 0.291834243154718 0
859.0 0.2940548053199254 0
860.0 0.2907266913406748 1
861.0 0.2907266913406748 0
861.0 0.2901004320953854 1
862.0 0.2901004320953854 0
862.0 0.29527496665017283 0
863.0 0.29283917239434726 0
864.0 0.29484540805340537 0
865.0 0.2897836607401845 1
866.0 0.2897836607401845 0
866.0 0.29655594617831443 0
867.0 0.29627885697958034 0
868.0 0.29266110899556486 0
869.0 0.2957802557222706 0
870.0 0.2942474927921679 0
871.0 0.29314666654146637 0
872.0 0.29237457471304107 0
873.0 0.2909899136201653 0
874.0 0.2914133441062989 0
875.0 0.2922007482909654 0
876.0 0.2881898077058363 1
877.0 0.2881898077058363 0
877.0 0.2915143420967515 0
878.0 0.2921106280776716 0
879.0 0.29152308232088825 0
880.0 0.29056552365569777 0
881.0 0.2880741561437256 1
882.0 0.2880741561437256 0
882.0 0.2910904017132258 0
883.0 0.29091159986949594 0
884.0 0.2918968559192925 0
885.0 0.2875774575962269 1
886.0 0.2875774575962269 0
886.0 0.29482924075718736 0
887.0 0.28990885753271123 0
888.0 0.28969165353083565 0
889.0 0.29268491322753204 0
890.0 0.29181312927501313 0
891.0 0.28850972701612687 0
892.0 0.28959940005470497 0
893.0 0.28914100176710816 0
894.0 0.28981305942436864 0
895.0 0.2914226165926367 0
896.0 0.29245295751284084 0
897.0 0.2902356349959134 0
898.0 0.28837734586430286 0
899.0 0.28775484484659836 0
900.0 0.29217995196111946 0
901.0 0.28870747411442765 0
902.0 0.2887828330952644 0
903.0 0.290298611791585 0
904.0 0.2883396430317232 0
905.0 0.2889011362964296 0
906.0 0.28691352191949815 1
907.0 0.28691352191949815 0
907.0 0.28887465181570837 0
908.0 0.28725839893769506 0
909.0 0.2884501733820401 0
910.0 0.29334384827459603 0
911.0 0.2884211074029823 0
912.0 0.28927161457569106 0
913.0 0.2887441171951162 0
914.0 0.2875991506001556 0
915.0 0.2907830608196445 0
916.0 0.2882824478571155 0
917.0 0.28833708288276966 0
918.0 0.28935253460114835 0
919.0 0.2885150031822995 0
920.0 0.28889442974698537 0
921.0 0.29040232199140087 0
922.0 0.2866038172354382 1
923.0 0.2866038172354382 0
923.0 0.28895566744375434 0
924.0 0.2868107624399449 0
925.0 0.28781001485072566 0
926.0 0.28599756652522496 1
927.0 0.28599756652522496 0
927.0 0.28668446840083167 0
928.0 0.2856314783492804 1
929.0 0.2856314783492804 0
929.0 0.2882196859768741 0
930.0 0.28700635048352746 0
931.0 0.28530295379067766 1
932.0 0.28530295379067766 0
932.0 0.28822050796619647 0
933.0 0.2877286117351888 0
934.0 0.2860531914412949 0
935.0 0.2842463649591932 1
936.0 0.2842463649591932 0
936.0 0.2878015093428742 0
937.0 0.28569190898352687 0
938.0 0.28655574289293456 0
939.0 0.28507837056878804 0
940.0 0.28697493703700355 0
941.0 0.28732042567313515 0
942.0 0.2871403855144233 0
943.0 0.2875690540627771 0
944.0 0.2876170452670791 0
945.0 0.28810450392349124 0
946.0 0.28764081845232353 0
947.0 0.286313712528823 0
948.0 0.28679395009281416 0
949.0 0.2844328888569643 0
950.0 0.28458546096558296 0
951.0 0.28640871738446755 0
952.0 0.2849526302428017 0
953.0 0.28853225322986353 0
954.0 0.28716597459034565 0
955.0 0.286180720850648 0
956.0 0.2860622981589413 0
957.0 0.28621328317829453 0
958.0 0.2872107392707795 0
959.0 0.28511691079981466 0
960.0 0.2853054658083221 0
961.0 0.28558705944761537 0
962.0 0.28568256897119443 0
963.0 0.2866123709507574 0
964.0 0.2832530609789823 1
965.0 0.2832530609789823 0
965.0 0.2845972416363251 0
966.0 0.2864970921778147 0
967.0 0.28651793549661064 0
968.0 0.2856505913272439 0
969.0 0.2864910908688073 0
970.0 0.28577879523493865 0
971.0 0.2868304920114436 0
972.0 0.2853544349717544 0
973.0 0.2858518779298421 0
974.0 0.2853846676273175 0
975.0 0.28438332450015075 0
976.0 0.2847202651073631 0
977.0 0.28527294419935606 0
978.0 0.2855611595998181 0
979.0 0.2842452999016872 0
980.0 0.28482705004987957 0
981.0 0.28689545391894283 0
982.0 0.2852682447711509 0
983.0 0.2847484391594645 0
984.0 0.28537494964713467 0
985.0 0.28505973118664685 0
986.0 0.2838461939276684 0
987.0 0.28363305991529325 0
988.0 0.28530909279177963 0
989.0 0.2843692095371251 0
990.0 0.28460445534150325 0
991.0 0.28697365711483924 0
992.0 0.2859971040737284 0
993.0 0.2850897412349116 0
994.0 0.2843889664236479 0
995.0 0.28336139239362756 0
996.0 0.28424188910294484 0
997.0 0.28379590501189456 0
998.0 0.28443031629439697 0
999.0 0.28478977263104477 0
1000.0 0.2836318266774536 0
1001.0 0.28383321954463847 0
1002.0 0.28384883475241246 0
1003.0 0.2826388002899945 1
1004.0 0.2826388002899945 0
1004.0 0.28348368470541785 0
1005.0 0.2826348013804849 1
1006.0 0.2826348013804849 0
1006.0 0.28354795972634983 0
1007.0 0.2840111538570813 0
1008.0 0.2836325879695407 0
1009.0 0.28381296733212275 0
1010.0 0.28585093566302083 0
1011.0 0.28427533982893194 0
1012.0 0.28334594204065977 0
1013.0 0.2842487331160126 0
1014.0 0.28339018905567614 0
1015.0 0.2853270469374213 0
1016.0 0.283922945086282 0
1017.0 0.28254002017295227 1
1018.0 0.28254002017295227 0
1018.0 0.2837719862903678 0
1019.0 0.28581514607532077 0
1020.0 0.2834125410726611 0
1021.0 0.28327434717689093 0
1022.0 0.28347023629500373 0
1023.0 0.2844375820910526 0
1024.0 0.2828528017574987 0
1025.0 0.2828670033873419 0
1026.0 0.28363704379646154 0
1027.0 0.28430381236622315 0
1028.0 0.284202801886 0
1029.0 0.28305948752003934 0
1030.0 0.28360296743962554 0
1031.0 0.2851967735357944 0
1032.0 0.28435906652398313 0
1033.0 0.28404598150403343 0
1034.0 0.2828801858824326 0
1035.0 0.2845598983415699 0
1036.0 0.2829593524660612 0
1037.0 0.2842093646253923 0
1038.0 0.2836301828765097 0
1039.0 0.2833994741587143 0
1040.0 0.2831405273914401 0
1041.0 0.2837864357609084 0
1042.0 0.2832468630068724 0
1043.0 0.2836212732535232 0
1044.0 0.28339380603716435 0
1045.0 0.28242740050246484 1
1046.0 0.28242740050246484 0
1046.0 0.282393649565058 1
1047.0 0.282393649565058 0
1047.0 0.2829337626031812 0
1048.0 0.28294334591216674 0
1049.0 0.28356371336240566 0
1050.0 0.28273264791261754 0
1051.0 0.2826646969645767 0
1052.0 0.28342616497449413 0
1053.0 0.28273523623971014 0
1054.0 0.283849661285776 0
1055.0 0.2828748506690958 0
1056.0 0.2830813647734586 0
1057.0 0.28263091297497384 0
1058.0 0.2833819793167408 0
1059.0 0.2824900191565252 0
1060.0 0.2826365110319618 0
1061.0 0.2833091189245085 0
1062.0 0.2834801015376954 0
1063.0 0.28343155580792245 0
1064.0 0.2827425024679237 0
1065.0 0.2819090063870801 1
1066.0 0.2819090063870801 0
1066.0 0.282341682425314 0
1067.0 0.2831688679738049 0
1068.0 0.28258801680979617 0
1069.0 0.2819407352256775 0
1070.0 0.28301881834174414 0
1071.0 0.2823632296391036 0
1072.0 0.2831818400975073 0
1073.0 0.2822226779946537 0
1074.0 0.28294772022556847 0
1075.0 0.2827999823940512 0
1076.0 0.28213580413146794 0
1077.0 0.28268357664785443 0
1078.0 0.28188399557226745 1
1079.0 0.28188399557226745 0
1079.0 0.2825083700554437 0
1080.0 0.2828541889342897 0
1081.0 0.28221026590512155 0
1082.0 0.28215391721704663 0
1083.0 0.2823136510662935 0
1084.0 0.2825835218888789 0
1085.0 0.2823299007137566 0
1086.0 0.28217501299673836 0
1087.0 0.2821939264937845 0
1088.0 0.2820977535146481 0
1089.0 0.28183118986633376 1
1090.0 0.28183118986633376 0
1090.0 0.2823781493545539 0
1091.0 0.2815958016988883 1
1092.0 0.2815958016988883 0
1092.0 0.28231463956049396 0
1093.0 0.2820072332225501 0
1094.0 0.2822516814233199 0
1095.0 0.28235181492877093 0
1096.0 0.28217346177748315 0
1097.0 0.28250767408079214 0
1098.0 0.28276250021407284 0
1099.0 0.2825452095961509 0
1100.0 0.28231048727051883 0
1101.0 0.2824565313166274 0
1102.0 0.2821322984917092 0
1103.0 0.28217493359023466 0
1104.0 0.2823114307812393 0
1105.0 0.28267465737829833 0
1106.0 0.28212806438358756 0
1107.0 0.2818009434263296 0
1108.0 0.28211000382104445 0
1109.0 0.28260332419043854 0
1110.0 0.2819855403201644 0
1111.0 0.2821700958099053 0
1112.0 0.28280574256419005 0
1113.0 0.28237716390663886 0
1114.0 0.2824273217559883 0
1115.0 0.2824917883628812 0
1116.0 0.2819574777874908 0
1117.0 0.2825524227174566 0
1118.0 0.28246798933498296 0
1119.0 0.2819617485018078 0
1120.0 0.2823619571549538 0
1121.0 0.282055751865768 0
1122.0 0.28190992336973125 0
1123.0 0.2824676680788096 0
1124.0 0.28237632188798967 0
1125.0 0.2821657189579289 0
1126.0 0.2824865920093828 0
1127.0 0.282059733969937 0
1128.0 0.28236697121366 0
1129.0 0.2822642312557185 0
1130.0 0.2818468419849296 0
1131.0 0.2819725464155198 0
1132.0 0.28193840395429226 0
1133.0 0.2817439525051497 0
1134.0 0.28156832420530803 1
1135.0 0.28156832420530803 0
1135.0 0.2818834444738657 0
1136.0 0.2817375725682634 0
1137.0 0.2818615519128635 0
1138.0 0.2822610761418558 0
1139.0 0.2820275684209523 0
1140.0 0.28194764183990817 0
1141.0 0.28214815966163487 0
1142.0 0.28156506572083106 1
1143.0 0.28156506572083106 0
1143.0 0.28211784363939696 0
1144.0 0.2819250624684951 0
1145.0 0.28168019091022306 0
1146.0 0.28190543317055594 0
1147.0 0.2819939993467792 0
1148.0 0.2817104998498475 0
1149.0 0.28170252914276744 0
1150.0 0.2820138019275813 0
1151.0 0.2821381191052231 0
1152.0 0.2818386656282039 0
1153.0 0.2822720606151589 0
1154.0 0.2819428388633882 0
1155.0 0.28169250787949596 0
1156.0 0.28187396973956635 0
1157.0 0.2816284921736018 0
1158.0 0.28227369987206086 0
1159.0 0.2816911474846296 0
1160.0 0.2821430193851728 0
1161.0 0.28161041848664653 0
1162.0 0.2819591103425624 0
1163.0 0.28236590821239654 0
1164.0 0.282135482088336 0
1165.0 0.28223521587038153 0
1166.0 0.28178696864319636 0
1167.0 0.28216307554384107 0
1168.0 0.2821333143263167 0
1169.0 0.2821249839290975 0
1170.0 0.28193345876701853 0
1171.0 0.28183458901303193 0
1172.0 0.28197587346680125 0
1173.0 0.28185675579048464 0
1174.0 0.2818270604488803 0
1175.0 0.2818791489830931 0
1176.0 0.2821991689223438 0
1177.0 0.281857079331371 0
1178.0 0.2820923247295777 0
1179.0 0.2819190389977609 0
1180.0 0.28165331480413747 0
1181.0 0.2818448246840186 0
1182.0 0.2815004035931913 1
1183.0 0.2815004035931913 0
1183.0 0.28204617145075206 0
1184.0 0.2821680759704215 0
1185.0 0.2819940912430521 0
1186.0 0.2819169241649498 0
1187.0 0.2817136382091392 0
1188.0 0.2816807756446884 0
1189.0 0.2818426323232456 0
1190.0 0.28186990893969216 0
1191.0 0.28227482039734264 0
1192.0 0.28189449713318765 0
1193.0 0.2817171887816068 0
1194.0 0.28188681546781286 0
1195.0 0.2819362408378575 0
1196.0 0.28226934502949613 0
1197.0 0.282149538740383 0
1198.0 0.281814733629951 0
1199.0 0.2817497819782776 0
1200.0 0.28209502843472645 0
1201.0 0.2820194989380689 0
1202.0 0.28194574857358073 0
1203.0 0.28176293769144234 0
1204.0 0.28175798435535654 0
1205.0 0.28174839944707164 0
1206.0 0.28153810914204136 0
1207.0 0.2817889097362013 0
1208.0 0.28190850481619883 0
1209.0 0.28174208789929067 0
1210.0 0.28180449399879404 0
1211.0 0.2818335454826106 0
1212.0 0.28182842091990373 0
1213.0 0.28213811910522185 0
1214.0 0.28171486705525123 0
1215.0 0.28230134823685804 0
1216.0 0.28221995700183256 0
1217.0 0.2818738991419032 0
1218.0 0.28218748354955997 0
1219.0 0.2817621156513491 0
1220.0 0.2816305092714242 0
1221.0 0.2816956126788775 0
1222.0 0.2817123208176668 0
1223.0 0.2819020388471374 0
1224.0 0.28165748867196666 0
1225.0 0.2819117633006759 0
1226.0 0.28190884790408277 0
1227.0 0.28185665995942516 0
1228.0 0.2815989400581772 0
1229.0 0.28176659440156765 0
1230.0 0.28179733720837885 0
1231.0 0.28150715705542856 0
1232.0 0.2815957493789337 0
1233.0 0.2813460048557368 1
1234.0 0.2813460048557368 0
1234.0 0.2815475403652314 0
1235.0 0.28169190903057173 0
1236.0 0.28165026735107457 0
1237.0 0.2818269231629546 0
1238.0 0.2817159694805219 0
1239.0 0.2814419227846355 0
1240.0 0.28164018168425553 0
1241.0 0.2813527583179759 0
1242.0 0.28146462502289005 0
1243.0 0.2816763428933781 0
1244.0 0.2815893673604198 0
1245.0 0.2816491352752938 0
1246.0 0.2814917908814796 0
1247.0 0.28154640828945043 0
1248.0 0.2815824285824911 0
1249.0 0.28161845161718846 0
1250.0 0.28142650101597877 0
1251.0 0.2813324423365539 1
1252.0 0.2813324423365539 0
1252.0 0.2815944622726153 0
1253.0 0.28158261389818123 0
1254.0 0.28134600485573746 0
1255.0 0.28167454616891063 0
1256.0 0.28145910307226363 0
1257.0 0.28150844416174753 0
1258.0 0.28159908186275906 0
1259.0 0.28161135727562353 0
1260.0 0.2814641979844597 0
1261.0 0.28157410547097095 0
1262.0 0.2815031639338609 0
1263.0 0.28167787865273536 0
1264.0 0.28172793206527 0
1265.0 0.28163387338584506 0
1266.0 0.28157561952554594 0
1267.0 0.2813976766073474 0
1268.0 0.28158261389818134 0
1269.0 0.2814934494315214 0
1270.0 0.28147313345009994 0
1271.0 0.2815910412942022 0
1272.0 0.28141927969508745 0
1273.0 0.28162661916507176 0
1274.0 0.28157690663186474 0
1275.0 0.2814265010159794 0
1276.0 0.28151083041858116 0
1277.0 0.28149302239309176 0
1278.0 0.2815447497394091 0
1279.0 0.28151713871699136 0
1280.0 0.2814265010159795 0
1281.0 0.2815769066318652 0
1282.0 0.28158242858249166 0
1283.0 0.281339195798793 0
1284.0 0.2814197475537416 0
1285.0 0.28155831225859196 0
1286.0 0.2814985443437178 0
1287.0 0.2815599708086339 0
1288.0 0.2815464082894507 0
1289.0 0.28146419798445993 0
