1.0 4.292576090664425 1
2.0 4.292576090664425 0
2.0 3.139788832673772 1
3.0 3.139788832673772 0
3.0 3.2413229832879606 0
4.0 4.3545618111588755 0
5.0 3.890206561727679 0
6.0 3.2881480655803035 0
7.0 2.452595650782677 1
8.0 2.452595650782677 0
8.0 2.560078216674983 0
9.0 2.787726666488053 0
10.0 3.402964560653213 0
11.0 2.828466598805585 0
12.0 2.52785834144883 0
13.0 3.1716539887900814 0
14.0 2.862166149893808 0
15.0 2.412166818267193 1
16.0 2.412166818267193 0
16.0 2.846769677339496 0
17.0 3.3628679731111015 0
18.0 3.6000982389302902 0
19.0 2.895321667539781 0
20.0 3.1899371259453098 0
21.0 2.9613475027706886 0
22.0 2.8203789904893384 0
23.0 3.1804483589601906 0
24.0 2.745584248143692 0
25.0 2.6943914437637884 0
26.0 3.327997011146047 0
27.0 3.2411354236395593 0
28.0 2.791492513525533 0
29.0 2.5352677909622567 0
30.0 2.7205077849185053 0
31.0 2.5850037058860273 0
32.0 2.7555057961215996 0
33.0 2.657208336383865 0
34.0 2.698415471942988 0
35.0 2.770282086863877 0
36.0 2.8460353534273155 0
37.0 2.5849906078695133 0
38.0 2.401955601834654 1
39.0 2.401955601834654 0
39.0 2.656338593693462 0
40.0 2.5564932147833233 0
41.0 2.596766948642759 0
42.0 2.5301233263275034 0
43.0 2.198464468652902 1
44.0 2.198464468652902 0
44.0 1.9655619051737676 1
45.0 1.9655619051737676 0
45.0 1.7206537081559636 1
46.0 1.7206537081559636 0
46.0 1.8482095909746625 0
47.0 1.9549028196404308 0
48.0 2.0210515966739653 0
49.0 2.2205447112743597 0
50.0 1.8702217491149378 0
51.0 2.082554882399866 0
52.0 1.880870996978354 0
53.0 1.894767070436485 0
54.0 1.9946256205379975 0
55.0 2.045519520736953 0
56.0 1.928370029100876 0
57.0 1.6812795814062098 1
58.0 1.6812795814062098 0
58.0 1.8965359448835917 0
59.0 2.06104427704783 0
60.0 1.7116915925582732 0
61.0 1.9194527042705416 0
62.0 2.1768878443550395 0
63.0 2.1524796237935737 0
64.0 2.284489078316639 0
65.0 2.124310393676909 0
66.0 1.6794306930847378 1
67.0 1.6794306930847378 0
67.0 1.5992425063705082 1
68.0 1.5992425063705082 0
68.0 1.455882503395045 1
69.0 1.455882503395045 0
69.0 1.5001540579611827 0
70.0 1.5895458233226005 0
71.0 1.6126735498047904 0
72.0 1.793907994692327 0
73.0 1.7182223267630288 0
74.0 1.6038700449728522 0
75.0 1.442248187949042 1
76.0 1.442248187949042 0
76.0 1.4468792998292281 0
77.0 1.4236129167230185 1
78.0 1.4236129167230185 0
78.0 1.3921275300997482 1
79.0 1.3921275300997482 0
79.0 1.5242611831611361 0
80.0 1.519330950600734 0
81.0 1.6572761661616329 0
82.0 1.8282441530799083 0
83.0 1.158485960368202 1
84.0 1.158485960368202 0
84.0 0.9893194715001836 1
85.0 0.9893194715001836 0
85.0 1.0001916478069326 0
86.0 1.3136300778586758 0
87.0 1.1241195578840297 0
88.0 1.1745975240420299 0
89.0 1.0910839603159899 0
90.0 1.0876401358939591 0
91.0 1.0529673017668022 0
92.0 1.0248219417814415 0
93.0 1.170476982948109 0
94.0 1.2203450391915673 0
95.0 1.1384263188212058 0
96.0 1.0875767625880688 0
97.0 1.3210287448577869 0
98.0 1.2669283065522015 0
99.0 1.3398720618570763 0
100.0 1.3454509405886859 0
101.0 1.1072096719804965 0
102.0 1.1245588338547963 0
103.0 1.0885360562763942 0
104.0 1.1996494665981612 0
105.0 1.2537315923747843 0
106.0 1.2259887101028537 0
107.0 1.0853771409176958 0
108.0 1.0166333695524716 0
109.0 1.0030745398372314 0
110.0 1.008467713345378 0
111.0 1.0367396197988712 0
112.0 1.1115382181004416 0
113.0 1.1706259403046686 0
114.0 1.1383115006571962 0
115.0 1.138562587524498 0
116.0 1.16488444368006 0
117.0 1.063917732442305 0
118.0 1.0102777644402194 0
119.0 1.0119586511275498 0
120.0 0.9642052032487956 1
121.0 0.9642052032487956 0
121.0 0.9535390133251339 1
122.0 0.9535390133251339 0
122.0 0.9863335950233887 0
123.0 1.116716735895286 0
124.0 0.9708208951690168 0
125.0 0.9231620915988672 1
126.0 0.9231620915988672 0
126.0 0.959039733269104 0
127.0 0.8951287564642769 1
128.0 0.8951287564642769 0
128.0 0.9756891195034016 0
129.0 0.9184953492338027 0
130.0 0.8862635222082136 1
131.0 0.8862635222082136 0
131.0 0.9185192492401105 0
132.0 0.9382627583698013 0
133.0 1.006574632607579 0
134.0 1.0015480892614705 0
135.0 1.0548427456613378 0
136.0 1.1095954452031664 0
137.0 1.1391657011583705 0
138.0 1.1108835045609426 0
139.0 0.8610105227398339 1
140.0 0.8610105227398339 0
140.0 0.9272116301985728 0
141.0 0.8511978325782363 1
142.0 0.8511978325782363 0
142.0 0.8855380678644406 0
143.0 0.9636759490485804 0
144.0 0.9244624510457286 0
145.0 0.9786608837260717 0
146.0 0.9867259748896131 0
147.0 1.001589627434618 0
148.0 0.9292051613014931 0
149.0 0.8599274633226377 0
150.0 0.9007649903894267 0
151.0 0.9042880746254941 0
152.0 0.9551287515524897 0
153.0 0.9374085919979892 0
154.0 0.8764268416589559 0
155.0 0.847586366723905 1
156.0 0.847586366723905 0
156.0 0.9323014619526045 0
157.0 0.8374569944826767 1
158.0 0.8374569944826767 0
158.0 0.8429856785685214 0
159.0 0.8573576406704573 0
160.0 0.8563320515979395 0
161.0 0.8810509835863523 0
162.0 0.9125889147705638 0
163.0 1.0155950583591145 0
164.0 0.9496710746879191 0
165.0 0.9055411085618423 0
166.0 0.9299323202224582 0
167.0 0.8898766842255731 0
168.0 0.9016001958689723 0
169.0 0.9036810239193812 0
170.0 0.9131062827829111 0
171.0 0.8936754896364724 0
172.0 0.8398384357346613 0
173.0 0.8211065865496029 1
174.0 0.8211065865496029 0
174.0 0.9440819348365131 0
175.0 0.929507817915793 0
176.0 0.8706758137723362 0
177.0 0.8692784289976506 0
178.0 0.8991152395109473 0
179.0 0.9075649651612958 0
180.0 0.9506133564500779 0
181.0 1.0425039708045152 0
182.0 0.9852964456463954 0
183.0 0.9073576799716937 0
184.0 0.9134552533172651 0
185.0 0.9189688603564086 0
186.0 0.9989907969061089 0
187.0 0.9204715690932297 0
188.0 0.9707049482780497 0
189.0 0.8774317345361364 0
190.0 0.9442556725667045 0
191.0 0.9682538871018348 0
192.0 0.9371694571192053 0
193.0 0.910344415449502 0
194.0 0.9823716066469496 0
195.0 0.8851264701430639 0
196.0 0.9592356761661545 0
197.0 0.9669060559838204 0
198.0 0.8883157564725936 0
199.0 0.94306200150006 0
200.0 0.9238501332622753 0
201.0 0.9724266727775834 0
202.0 0.9921157403778724 0
203.0 0.97480997630142 0
204.0 0.9439675093019588 0
205.0 0.8996096549139919 0
206.0 0.965708029027577 0
207.0 0.8512180095534977 0
208.0 0.8708581513449873 0
209.0 0.9613423642502864 0
210.0 0.9099483273951943 0
211.0 0.9129166850160948 0
212.0 0.921202998722204 0
213.0 0.9749716153152078 0
214.0 0.9450645597715035 0
215.0 1.0031083905846954 0
216.0 0.9733405595737831 0
217.0 0.991970049796698 0
218.0 0.8819802785124088 0
219.0 0.9899548370013449 0
220.0 1.024245482610694 0
221.0 0.9691799834166843 0
222.0 0.9657219620316507 0
223.0 0.953913484353167 0
224.0 1.0252124495435304 0
225.0 0.9352442762526801 0
226.0 0.9156556610974176 0
227.0 0.9532301127396469 0
228.0 0.9521371194096228 0
229.0 1.0359353825066941 0
230.0 0.9540124640359378 0
231.0 0.9676283068947875 0
232.0 0.9659202160820012 0
233.0 0.9015341619856411 0
234.0 1.0277599405327766 0
235.0 0.9476563879196038 0
236.0 0.9680031021044717 0
237.0 0.9385573975152123 0
238.0 0.9722691203056193 0
239.0 1.0047290509578704 0
240.0 0.8754601969224074 0
241.0 0.8805979048892326 0
242.0 0.9506438839810778 0
243.0 1.044575136937025 0
244.0 0.9184508715867782 0
245.0 0.8702927590683828 0
246.0 0.9465825230087899 0
247.0 0.9573122830730434 0
248.0 0.9667860299252421 0
249.0 0.8829872015665496 0
250.0 0.9066799895258121 0
251.0 0.8506155177168631 0
252.0 0.8410059780815919 0
253.0 0.8801585492202613 0
254.0 0.8586997081809359 0
255.0 0.8665488091826422 0
256.0 0.9262652455389696 0
257.0 0.9350199989905557 0
258.0 0.8170006157617423 1
259.0 0.8170006157617423 0
259.0 0.8863188756816844 0
260.0 0.9341751589155087 0
261.0 0.8459546121341933 0
262.0 0.9645282713004439 0
263.0 0.931165467330375 0
264.0 0.9495920187991717 0
265.0 0.9912810935420666 0
266.0 0.9504331972949305 0
267.0 0.941615654990933 0
268.0 0.9826020763553286 0
269.0 0.9061485839468644 0
270.0 0.9777180744242169 0
271.0 0.9703172582208168 0
272.0 0.892428644364732 0
273.0 0.9795742185909544 0
274.0 0.9305472815659441 0
275.0 1.0001545091068564 0
276.0 0.8056951925633473 1
277.0 0.8056951925633473 0
277.0 0.8996916417679109 0
278.0 0.9847480125419884 0
279.0 1.004885031966604 0
280.0 1.0161313824421296 0
281.0 0.9482384574466561 0
282.0 0.9208022714384296 0
283.0 0.9424835474162114 0
284.0 0.9361486129731792 0
285.0 0.9531260502402662 0
286.0 1.0071010465075996 0
287.0 1.0640725887893498 0
288.0 1.0048975772954696 0
289.0 0.9424789819288513 0
290.0 0.9698841312073667 0
291.0 1.013312175609014 0
292.0 0.84237987864201 0
293.0 0.8974647811809359 0
294.0 0.8780133549926588 0
295.0 0.8984608378627477 0
296.0 0.9243005244377209 0
297.0 0.8341029049411354 0
298.0 0.8556792805957388 0
299.0 0.9350797636602078 0
300.0 0.8640502071311429 0
301.0 0.9059346228274952 0
302.0 0.9098140074689193 0
303.0 0.9246301332252727 0
304.0 0.870388313430234 0
305.0 0.8828545339362016 0
306.0 0.9060516768900366 0
307.0 0.8205857039694766 0
308.0 0.8346923542569228 0
309.0 0.9031193386018238 0
310.0 0.9173170136894019 0
311.0 0.8508380535307435 0
312.0 0.9238081393061764 0
313.0 0.9127955673852354 0
314.0 0.9486518176044143 0
315.0 0.8246217232772431 0
316.0 0.8697090242932657 0
317.0 0.8209514443100782 0
318.0 0.7817931058767696 1
319.0 0.7817931058767696 0
319.0 0.746188454181672 1
320.0 0.746188454181672 0
320.0 0.7924898098120445 0
321.0 0.786511601304149 0
322.0 0.9003115472361194 0
323.0 0.9912016599613698 0
324.0 0.8983788596120745 0
325.0 0.946804478718086 0
326.0 0.8030897549310375 0
327.0 0.8158309677940027 0
328.0 0.8653229745501516 0
329.0 0.894959018676201 0
330.0 0.9129806730286337 0
331.0 0.9566976205741778 0
332.0 0.8973727978279396 0
333.0 0.9834634873220123 0
334.0 0.9468071206709201 0
335.0 0.8820614734895365 0
336.0 0.9311097695379853 0
337.0 0.9640275158723867 0
338.0 0.8861262953302217 0
339.0 0.9163897963999698 0
340.0 0.8855715316549193 0
341.0 0.91225310890424 0
342.0 0.8826030342076362 0
343.0 0.9190840858037532 0
344.0 0.9278660192727978 0
345.0 0.8665889864357316 0
346.0 0.862825472579638 0
347.0 0.9153773073293281 0
348.0 0.9185149141495683 0
349.0 0.8251211300755937 0
350.0 0.8571327266735919 0
351.0 0.9284251189840561 0
352.0 0.8896115741619282 0
353.0 0.8736548421598981 0
354.0 0.8588252431531532 0
355.0 0.9599833583666658 0
356.0 0.9148360935773007 0
357.0 0.8939972700374638 0
358.0 0.8334826763312273 0
359.0 0.898294056471416 0
360.0 0.8308011574533618 0
361.0 0.9229376618418463 0
362.0 0.8812307935064384 0
363.0 0.8243667189077213 0
364.0 0.8412561598117877 0
365.0 0.8902393220087889 0
366.0 0.8912721125654065 0
367.0 0.8800190309480733 0
368.0 0.8470162106125769 0
369.0 0.8931343627677747 0
370.0 0.8362442485071212 0
371.0 0.849442614791382 0
372.0 0.8751770851811476 0
373.0 0.8703070559613975 0
374.0 0.8792763740831452 0
375.0 0.8627483683041446 0
376.0 0.8037682238288657 0
377.0 0.8163784151176915 0
378.0 0.8942520596094611 0
379.0 0.8298238819410648 0
380.0 0.8516326725830418 0
381.0 0.8810522698188914 0
382.0 0.8578541503493714 0
383.0 0.8266688183784795 0
384.0 0.8282514074975388 0
385.0 0.8172161571366724 0
386.0 0.8097315432378948 0
387.0 0.8950741413572988 0
388.0 0.8257894093267445 0
389.0 0.8513760196046986 0
390.0 0.8710894013961369 0
391.0 0.8555844407760077 0
392.0 0.8436096750219878 0
393.0 0.7880565859188222 0
394.0 0.8518068857607491 0
395.0 0.8602377253008907 0
396.0 0.7959648656240436 0
397.0 0.8631923682132664 0
398.0 0.8129188417449066 0
399.0 0.7861137042992064 0
400.0 0.7318385779356459 1
401.0 0.7318385779356459 0
401.0 0.7737769374021704 0
402.0 0.8292611325627048 0
403.0 0.8012730759333413 0
404.0 0.8341464021017462 0
405.0 0.8531151780621565 0
406.0 0.8764800554767992 0
407.0 0.9241461745476933 0
408.0 0.8840516711655495 0
409.0 0.8448127402659533 0
410.0 0.8113156756469192 0
411.0 0.8712312012302409 0
412.0 0.8928160673431778 0
413.0 0.8731323156980101 0
414.0 0.9111442121431998 0
415.0 0.9137481285136363 0
416.0 0.91673121980773 0
417.0 0.8819560327690644 0
418.0 0.911008451882288 0
419.0 0.9016248659130637 0
420.0 0.8921746681303719 0
421.0 0.8353277899076333 0
422.0 0.9051702931570061 0
423.0 0.8019524394742061 0
424.0 0.8599889674551696 0
425.0 0.8867732581014593 0
426.0 0.7891242400423955 0
427.0 0.8436783219285563 0
428.0 0.838414762371155 0
429.0 0.7817449374372373 0
430.0 0.8717200484423391 0
431.0 0.8746422024727223 0
432.0 0.7948619720378475 0
433.0 0.8136652398873258 0
434.0 0.8095902608275831 0
435.0 0.7779397154229833 0
436.0 0.7590934370162662 0
437.0 0.8044812323956209 0
438.0 0.779119647767647 0
439.0 0.8636612070169981 0
440.0 0.816924444607541 0
441.0 0.843209404277494 0
442.0 0.7769395187835919 0
443.0 0.7890546958456384 0
444.0 0.8007138761975321 0
445.0 0.7279825049708665 1
446.0 0.7279825049708665 0
446.0 0.7796936210730205 0
447.0 0.7686351584928149 0
448.0 0.7471306250470467 0
449.0 0.7725973503218388 0
450.0 0.7370721706856925 0
451.0 0.7803199181857167 0
452.0 0.744553825256948 0
453.0 0.7683428096071065 0
454.0 0.7321982329451322 0
455.0 0.7729348388318029 0
456.0 0.7970868256104482 0
457.0 0.8679311562397531 0
458.0 0.802101708154823 0
459.0 0.6954357977256946 1
460.0 0.6954357977256946 0
460.0 0.7360338822767529 0
461.0 0.7263475755943206 0
462.0 0.715813900617028 0
463.0 0.7263362322618171 0
464.0 0.7026087412664966 0
465.0 0.7148479641828822 0
466.0 0.6923324393875955 1
467.0 0.6923324393875955 0
467.0 0.6778125476860927 1
468.0 0.6778125476860927 0
468.0 0.6632612474244806 1
469.0 0.6632612474244806 0
469.0 0.6849389418047981 0
470.0 0.7453658006488746 0
471.0 0.6710347345921464 0
472.0 0.6936845825281086 0
473.0 0.6947357598285036 0
474.0 0.6888886235688111 0
475.0 0.7088840517171303 0
476.0 0.7150023219198267 0
477.0 0.7097690956113335 0
478.0 0.7016597329950469 0
479.0 0.6979213975308834 0
480.0 0.7016608505661487 0
481.0 0.6909002769838727 0
482.0 0.6952949127664367 0
483.0 0.6585961495084255 1
484.0 0.6585961495084255 0
484.0 0.6926702819542196 0
485.0 0.7319386048508933 0
486.0 0.7592392559843434 0
487.0 0.6975427369111603 0
488.0 0.6903180558127946 0
489.0 0.6963576637961527 0
490.0 0.6773681065533586 0
491.0 0.71006165466205 0
492.0 0.7241273122788655 0
493.0 0.6841012332533896 0
494.0 0.7187920586586329 0
495.0 0.686414559771019 0
496.0 0.7118112678596089 0
497.0 0.7278866650946998 0
498.0 0.6574969235521526 1
499.0 0.6574969235521526 0
499.0 0.677087274388649 0
500.0 0.7023141176258374 0
501.0 0.7082326872038301 0
502.0 0.7204303125752171 0
503.0 0.7355102715222517 0
504.0 0.6788396664346471 0
505.0 0.7166211823237764 0
506.0 0.6981103880598016 0
507.0 0.6784488815724036 0
508.0 0.6743118611026938 0
509.0 0.7073902116032996 0
510.0 0.6830762288234314 0
511.0 0.7213172443619282 0
512.0 0.6973306381581844 0
513.0 0.6756296681214066 0
514.0 0.6600300629090502 0
515.0 0.6972951724585541 0
516.0 0.6791588751268907 0
517.0 0.6848574227405599 0
518.0 0.6972966223418483 0
519.0 0.7339420980399085 0
520.0 0.6847151003774412 0
521.0 0.7181014247710439 0
522.0 0.7156115842273939 0
523.0 0.7045258785707732 0
524.0 0.6856208463285326 0
525.0 0.6685138055102279 0
526.0 0.682949386441455 0
527.0 0.6990732432083239 0
528.0 0.6639797397569224 0
529.0 0.6554332066015925 1
530.0 0.6554332066015925 0
530.0 0.6876452470123864 0
531.0 0.6610526311077485 0
532.0 0.6703287609279613 0
533.0 0.6768085105009888 0
534.0 0.7022093700811809 0
535.0 0.6904135986406236 0
536.0 0.7145770080718089 0
537.0 0.6881830026377103 0
538.0 0.6551012027081878 1
539.0 0.6551012027081878 0
539.0 0.6728644180106035 0
540.0 0.6773711027519349 0
541.0 0.6660442948149045 0
542.0 0.6505867261677278 1
543.0 0.6505867261677278 0
543.0 0.6663020878651478 0
544.0 0.6479500562000393 1
545.0 0.6479500562000393 0
545.0 0.6528762960979958 0
546.0 0.6763578077178694 0
547.0 0.6763374650119462 0
548.0 0.6667278286610641 0
549.0 0.6348629664732351 1
550.0 0.6348629664732351 0
550.0 0.6557417163539108 0
551.0 0.6422792081075266 0
552.0 0.630223782479368 1
553.0 0.630223782479368 0
553.0 0.6422401641193727 0
554.0 0.6569276475245251 0
555.0 0.6551961143792067 0
556.0 0.6504822795475981 0
557.0 0.651795018498123 0
558.0 0.6721624725563451 0
559.0 0.6708413587713318 0
560.0 0.653476650926157 0
561.0 0.6823153631412017 0
562.0 0.6747472905716615 0
563.0 0.6879231728871711 0
564.0 0.6581021463048603 0
565.0 0.645220207311793 0
566.0 0.6456093300458287 0
567.0 0.6377260474025851 0
568.0 0.6597071050924043 0
569.0 0.6410728014006564 0
570.0 0.6432346383711808 0
571.0 0.624398070571062 1
572.0 0.624398070571062 0
572.0 0.6516351567636836 0
573.0 0.6335399976015021 0
574.0 0.6450519733900175 0
575.0 0.6421887980140468 0
576.0 0.6477350151369555 0
577.0 0.6555715919870175 0
578.0 0.6412538945279653 0
579.0 0.6387826247051983 0
580.0 0.6421268152196022 0
581.0 0.6358993101704317 0
582.0 0.648695091909746 0
583.0 0.6349830458530356 0
584.0 0.6338291941066321 0
585.0 0.6408104535462077 0
586.0 0.6689075936616423 0
587.0 0.6772052784008159 0
588.0 0.6619647514968432 0
589.0 0.671725492612292 0
590.0 0.6449314974100393 0
591.0 0.6470874618616091 0
592.0 0.6502432950838127 0
593.0 0.6318761857102154 0
594.0 0.6342889409811454 0
595.0 0.6533605227997824 0
596.0 0.6416967714771405 0
597.0 0.6487208685581646 0
598.0 0.6431628646101514 0
599.0 0.6491314979889374 0
600.0 0.6598548637615508 0
601.0 0.6542198983897425 0
602.0 0.6432935693768496 0
603.0 0.6470954745088991 0
604.0 0.6484053839369204 0
605.0 0.6622228567220111 0
606.0 0.6485406473840146 0
607.0 0.6465736510551073 0
608.0 0.6388505793813655 0
609.0 0.6304588179587377 0
610.0 0.6647627085015676 0
611.0 0.6542305680219112 0
612.0 0.6353742410239345 0
613.0 0.6356719999332222 0
614.0 0.6374108419614037 0
615.0 0.6270540411174258 0
616.0 0.6273449801107522 0
617.0 0.6319281678457729 0
618.0 0.6546227683544649 0
619.0 0.6549290432481996 0
620.0 0.6514430549795975 0
621.0 0.6431979514833375 0
622.0 0.6356742928400776 0
623.0 0.6469585257710131 0
624.0 0.6365652443280079 0
625.0 0.6454401420146285 0
626.0 0.6566023727875713 0
627.0 0.6407797444961749 0
628.0 0.66376107956354 0
629.0 0.6319561478705642 0
630.0 0.6240099311596805 1
631.0 0.6240099311596805 0
631.0 0.6322784809592015 0
632.0 0.6204353852371659 1
633.0 0.6204353852371659 0
633.0 0.6313737519874131 0
634.0 0.6275025999905672 0
635.0 0.649384603121013 0
636.0 0.6243858391188665 0
637.0 0.630514866971554 0
638.0 0.6263442045012712 0
639.0 0.6422655152380174 0
640.0 0.6395009639754987 0
641.0 0.6362025470783989 0
642.0 0.6458417255577275 0
643.0 0.6265812849060147 0
644.0 0.6162358649273828 1
645.0 0.6162358649273828 0
645.0 0.6311669239043407 0
646.0 0.6271054358687287 0
647.0 0.623871817391026 0
648.0 0.633990157623804 0
649.0 0.6226344565834193 0
650.0 0.6331252892867457 0
651.0 0.6283228158739881 0
652.0 0.6430139771195097 0
653.0 0.6352396975078052 0
654.0 0.6389653070694794 0
655.0 0.6229376481116249 0
656.0 0.6230832539839172 0
657.0 0.6243980705710658 0
658.0 0.6317154099517993 0
659.0 0.6279703857002693 0
660.0 0.6272823911183608 0
661.0 0.6373376238004632 0
662.0 0.6229530696663277 0
663.0 0.6252448788986102 0
664.0 0.6341272391920262 0
665.0 0.6313781606309805 0
666.0 0.6362580849071394 0
667.0 0.6303737027376957 0
668.0 0.6294236007195166 0
669.0 0.6225906680469396 0
670.0 0.6274705923230987 0
671.0 0.6321688738096214 0
672.0 0.623501502203488 0
673.0 0.6252878233715745 0
674.0 0.6323687716471931 0
675.0 0.624306537234011 0
676.0 0.6221741168412666 0
677.0 0.6214588593292983 0
678.0 0.6203522579331829 0
679.0 0.622721817535275 0
680.0 0.6246229195236097 0
681.0 0.6272823911183613 0
682.0 0.6309736650309415 0
683.0 0.6234811101470779 0
684.0 0.6276261988542814 0
685.0 0.6299051693964662 0
686.0 0.6266824288251157 0
687.0 0.6227356005025203 0
688.0 0.6208822299844582 0
689.0 0.6222283863057487 0
690.0 0.6314855369872493 0
691.0 0.6277892054060081 0
692.0 0.6199556135041231 0
693.0 0.6219894064744745 0
694.0 0.6209947042839224 0
695.0 0.6188809201290876 0
696.0 0.6264799813068858 0
697.0 0.6165544780102905 0
698.0 0.6227356005025194 0
699.0 0.6253481725892435 0
700.0 0.6226006687058289 0
701.0 0.6266573966883651 0
702.0 0.6271433436611691 0
703.0 0.6225660358193139 0
704.0 0.6281380708105876 0
705.0 0.6297770989247655 0
706.0 0.6235015022034867 0
707.0 0.6195342818244802 0
708.0 0.6188462872425716 0
709.0 0.6264296327481049 0
710.0 0.6236051265991126 0
711.0 0.6243980705710636 0
712.0 0.6220240393609876 0
713.0 0.6176962873868211 0
714.0 0.6176962873868211 0
715.0 0.6264296327481049 0
716.0 0.6209947042839213 0
717.0 0.6199880966191037 0
718.0 0.6300737049990967 0
719.0 0.6299700806034704 0
720.0 0.6193789841592816 0
721.0 0.6226774010563819 0
722.0 0.6231828891205778 0
723.0 0.6343756739905881 0
724.0 0.6247715432444026 0
725.0 0.6226774010563818 0
726.0 0.6234235950844269 0
727.0 0.626902637697319 0
728.0 0.6263526304825273 0
729.0 0.622463317222581 0
730.0 0.6198528949073894 0
731.0 0.6258787197344197 0
732.0 0.6260340173996183 0
733.0 0.628931895622565 0
734.0 0.6247715432444025 0
735.0 0.622937648111623 0
736.0 0.6198528949073896 0
737.0 0.6269026376973189 0
738.0 0.6247715432444023 0
739.0 0.6237422081673358 0
740.0 0.6234235950844267 0
741.0 0.6271433436611682 0
742.0 0.618846287242572 0
743.0 0.6219894064744732 0
744.0 0.6226774010563817 0
745.0 0.61655447801029 0
746.0 0.6162358649273809 1
747.0 0.6162358649273809 0
747.0 0.6224366950925327 0
748.0 0.6195342818244807 0
749.0 0.6224366950925327 0
750.0 0.6208822299844563 0
751.0 0.6162358649273807 1
752.0 0.6162358649273807 0
752.0 0.6180577238354645 0
753.0 0.6208822299844566 0
754.0 0.61985289490739 0
755.0 0.6224366950925327 0
756.0 0.6195342818244807 0
757.0 0.6196121889435406 0
758.0 0.6162358649273807 0
759.0 0.6252878233715737 0
760.0 0.6195342818244807 0
761.0 0.6192935758606314 0
762.0 0.6195342818244809 0
763.0 0.6188462872425724 0
764.0 0.6252878233715736 0
765.0 0.6191649003254815 0
766.0 0.6224366950925327 0
767.0 0.6196121889435406 0
768.0 0.6196121889435406 0
769.0 0.6224366950925327 0
770.0 0.6191649003254815 0
771.0 0.622677401056382 0
772.0 0.6195342818244808 0
773.0 0.6196121889435406 0
774.0 0.6195342818244803 0
775.0 0.6224366950925324 0
776.0 0.6195342818244806 0
777.0 0.6162358649273807 0
778.0 0.61655447801029 0
779.0 0.6191649003254815 0
780.0 0.6188462872425724 0
781.0 0.6162358649273807 0
782.0 0.6188462872425724 0
783.0 0.6162358649273807 0
784.0 0.6191649003254815 0
785.0 0.6191649003254815 0
786.0 0.61655447801029 0
787.0 0.6191649003254815 0
788.0 0.61655447801029 0
789.0 0.6188462872425724 0
790.0 0.6188462872425724 0
791.0 0.6188462872425724 0
792.0 0.61655447801029 0
793.0 0.6162358649273807 0
794.0 0.6162358649273807 0
795.0 0.6162358649273807 0
796.0 0.6188462872425724 0
797.0 0.61655447801029 0
798.0 0.6191649003254815 0
799.0 0.6188462872425724 0
800.0 0.61655447801029 0
801.0 0.6162358649273807 0
802.0 0.6191649003254815 0
803.0 0.6188462872425724 0
804.0 0.61655447801029 0
805.0 0.6188462872425724 0
806.0 0.6191649003254815 0
807.0 0.6188462872425724 0
808.0 0.61655447801029 0
809.0 0.6162358649273807 0
810.0 0.6188462872425724 0
811.0 0.61655447801029 0
812.0 0.6188462872425724 0
813.0 0.6162358649273807 0
814.0 0.61655447801029 0
815.0 0.61655447801029 0
816.0 0.61655447801029 0
817.0 0.61655447801029 0
818.0 0.61655447801029 0
819.0 0.6162358649273807 0
820.0 0.6162358649273807 0
821.0 0.61655447801029 0
822.0 0.61655447801029 0
823.0 0.61655447801029 0
824.0 0.61655447801029 0
825.0 0.6162358649273807 0
826.0 0.61655447801029 0
827.0 0.61655447801029 0
828.0 0.61655447801029 0
829.0 0.61655447801029 0
830.0 0.6162358649273807 0
831.0 0.6162358649273807 0
832.0 0.6162358649273807 0
833.0 0.61655447801029 0
834.0 0.61655447801029 0
835.0 0.61655447801029 0
836.0 0.61655447801029 0
837.0 0.6162358649273807 0
838.0 0.6162358649273807 0
839.0 0.61655447801029 0
840.0 0.6162358649273807 0
841.0 0.61655447801029 0
842.0 0.61655447801029 0
843.0 0.61655447801029 0
844.0 0.6162358649273807 0
845.0 0.6162358649273807 0
846.0 0.61655447801029 0
847.0 0.6162358649273807 0
848.0 0.61655447801029 0
849.0 0.61655447801029 0
850.0 0.61655447801029 0
851.0 0.6162358649273807 0
852.0 0.6162358649273807 0
853.0 0.61655447801029 0
854.0 0.61655447801029 0
855.0 0.61655447801029 0
856.0 0.61655447801029 0
857.0 0.6162358649273807 0
858.0 0.61655447801029 0
859.0 0.61655447801029 0
860.0 0.6162358649273807 0
861.0 0.61655447801029 0
862.0 0.6162358649273807 0
863.0 0.61655447801029 0
864.0 0.61655447801029 0
865.0 0.6162358649273807 0
866.0 0.61655447801029 0
867.0 0.61655447801029 0
868.0 0.6162358649273807 0
869.0 0.61655447801029 0
870.0 0.6162358649273807 0
871.0 0.61655447801029 0
872.0 0.6162358649273807 0
873.0 0.6162358649273807 0
874.0 0.61655447801029 0
875.0 0.6162358649273807 0
876.0 0.61655447801029 0
877.0 0.6162358649273807 0
878.0 0.6162358649273807 0
879.0 0.6162358649273807 0
880.0 0.61655447801029 0
881.0 0.61655447801029 0
882.0 0.61655447801029 0
883.0 0.6162358649273807 0
884.0 0.6162358649273807 0
885.0 0.6162358649273807 0
886.0 0.61655447801029 0
887.0 0.6162358649273807 0
888.0 0.61655447801029 0
889.0 0.6162358649273807 0
890.0 0.61655447801029 0
891.0 0.6162358649273807 0
892.0 0.6162358649273807 0
893.0 0.6162358649273807 0
894.0 0.61655447801029 0
895.0 0.61655447801029 0
896.0 0.61655447801029 0
897.0 0.6162358649273807 0
898.0 0.6162358649273807 0
899.0 0.61655447801029 0
900.0 0.61655447801029 0
901.0 0.61655447801029 0
902.0 0.61655447801029 0
903.0 0.6162358649273807 0
904.0 0.6162358649273807 0
905.0 0.61655447801029 0
906.0 0.61655447801029 0
907.0 0.61655447801029 0
908.0 0.6162358649273807 0
909.0 0.6162358649273807 0
910.0 0.61655447801029 0
911.0 0.61655447801029 0
912.0 0.61655447801029 0
913.0 0.6162358649273807 0
914.0 0.6162358649273807 0
915.0 0.6162358649273807 0
916.0 0.6162358649273807 0
917.0 0.61655447801029 0
918.0 0.6162358649273807 0
919.0 0.6162358649273807 0
920.0 0.61655447801029 0
921.0 0.6162358649273807 0
922.0 0.6162358649273807 0
923.0 0.61655447801029 0
924.0 0.61655447801029 0
925.0 0.61655447801029 0
926.0 0.61655447801029 0
927.0 0.6162358649273807 0
928.0 0.61655447801029 0
929.0 0.6162358649273807 0
930.0 0.61655447801029 0
931.0 0.6162358649273807 0
932.0 0.6162358649273807 0
933.0 0.61655447801029 0
934.0 0.61655447801029 0
935.0 0.6162358649273807 0
936.0 0.61655447801029 0
937.0 0.6162358649273807 0
938.0 0.61655447801029 0
939.0 0.6162358649273807 0
940.0 0.61655447801029 0
941.0 0.6162358649273807 0
942.0 0.61655447801029 0
943.0 0.6162358649273807 0
944.0 0.6162358649273807 0
945.0 0.6162358649273807 0
946.0 0.61655447801029 0
947.0 0.61655447801029 0
948.0 0.6162358649273807 0
949.0 0.61655447801029 0
950.0 0.61655447801029 0
951.0 0.61655447801029 0
952.0 0.6162358649273807 0
953.0 0.6162358649273807 0
954.0 0.61655447801029 0
955.0 0.61655447801029 0
956.0 0.6162358649273807 0
957.0 0.6162358649273807 0
958.0 0.6162358649273807 0
959.0 0.61655447801029 0
960.0 0.6162358649273807 0
961.0 0.6162358649273807 0
962.0 0.6162358649273807 0
963.0 0.61655447801029 0
964.0 0.6162358649273807 0
965.0 0.6162358649273807 0
966.0 0.61655447801029 0
967.0 0.61655447801029 0
968.0 0.6162358649273807 0
969.0 0.6162358649273807 0
970.0 0.61655447801029 0
971.0 0.61655447801029 0
972.0 0.6162358649273807 0
973.0 0.6162358649273807 0
974.0 0.61655447801029 0
975.0 0.61655447801029 0
976.0 0.61655447801029 0
977.0 0.6162358649273807 0
978.0 0.61655447801029 0
979.0 0.6162358649273807 0
980.0 0.61655447801029 0
981.0 0.6162358649273807 0
982.0 0.61655447801029 0
983.0 0.6162358649273807 0
984.0 0.6162358649273807 0
985.0 0.6162358649273807 0
986.0 0.61655447801029 0
987.0 0.6162358649273807 0
988.0 0.6162358649273807 0
989.0 0.6162358649273807 0
990.0 0.61655447801029 0
991.0 0.6162358649273807 0
992.0 0.61655447801029 0
993.0 0.6162358649273807 0
994.0 0.61655447801029 0
995.0 0.6162358649273807 0
996.0 0.61655447801029 0
997.0 0.61655447801029 0
998.0 0.6162358649273807 0
999.0 0.61655447801029 0
1000.0 0.61655447801029 0
1001.0 0.61655447801029 0
1002.0 0.6162358649273807 0
1003.0 0.61655447801029 0
1004.0 0.61655447801029 0
1005.0 0.6162358649273807 0
